Sample	Overlapping Genes	No Feature	Ambiguous Features	Multimapping	Unmapped
10_Fasting_Hip_right_S3	740640.0	32854010.0	7777.0	1328963.0	1516594.0
10_Fasting_Hyp_both_S24	1216446.0	48973395.0	14034.0	3016757.0	4087773.0
10_Fasting_IC_right_S2	936471.0	38652586.0	9906.0	1658211.0	2368894.0
10_Fasting_PFC_right_S62	997562.0	40943531.0	11238.0	1500548.0	1677769.0
10_Fasting_SC_right_S88	149.0	6703.0	5.0	363.0	14479.0
11_Fasting_Hip_right_S35	2889.0	126879.0	32.0	5971.0	285798.0
11_Fasting_Hyp_both_S30	1164976.0	42045123.0	13404.0	2818176.0	3178513.0
11_Fasting_IC_right_S16	861887.0	35343075.0	9585.0	1678912.0	2142904.0
11_Fasting_PFC_right_S82	821582.0	35613247.0	9669.0	1678945.0	2244430.0
11_Fasting_SC_right_S40	975570.0	38260112.0	11622.0	1905647.0	2145698.0
12_Fasting_Hip_right_S77	1767594.0	77992274.0	19396.0	3606624.0	4853458.0
12_Fasting_Hyp_both_S23	6275.0	279763.0	60.0	13185.0	349866.0
12_Fasting_IC_right_S37	949520.0	36945513.0	10515.0	1700235.0	2384250.0
12_Fasting_PFC_right_S52	906818.0	36734320.0	10756.0	2026026.0	2350558.0
12_Fasting_SC_right_S12	782939.0	31563808.0	8978.0	1744636.0	2324188.0
13_Highfatdiet_Hip_left_S73	959606.0	41674275.0	10987.0	1784496.0	1916786.0
13_Highfatdiet_Hyp_both_S57	851976.0	38804471.0	9086.0	1722666.0	2187314.0
13_Highfatdiet_IC_left_S81	914199.0	36531428.0	10126.0	1654491.0	2281402.0
13_Highfatdiet_PFC_left_S7	909445.0	39714165.0	10636.0	2115468.0	2151925.0
13_Highfatdiet_SC_left_S10	491643.0	20269659.0	5339.0	945629.0	1135708.0
142_2_HIPL_chow_S67	1375041.0	54220803.0	19902.0	2680617.0	5710549.0
142_2_Hyp_chow_S19	329346.0	6298155.0	2933.0	6128358.0	18088253.0
142_2_ICL_chow_S27	746239.0	29734327.0	10264.0	1431790.0	4073075.0
142_2_SCL_chow_S21	11165.0	384522.0	250.0	82145.0	395371.0
142_2_ZIL_chow_S6	1423634.0	51206435.0	20632.0	2799328.0	5568079.0
142_3_HIPL_chow_S59	241242.0	8800508.0	3087.0	454577.0	639270.0
142_3_Hyp_chow_S38	1374758.0	43309866.0	19690.0	2947747.0	8177494.0
142_3_ICL_chow_S5	1393177.0	51563233.0	20166.0	2732843.0	7315035.0
142_3_SCL_chow_S26	1616546.0	59127334.0	23916.0	3241672.0	7373290.0
142_3_ZIL_chow_S20	404286.0	14228718.0	7162.0	3459833.0	30367870.0
142_4_HIPL_fast_S6	513120.0	12036451.0	6078.0	2673528.0	14119881.0
142_4_Hyp_fast_S53	3179360.0	92977856.0	48034.0	7383506.0	9062031.0
142_4_ICL_fast_S19	1134788.0	42140725.0	17782.0	2166781.0	5458920.0
142_4_SCL_fast_S16	290248.0	8073173.0	3762.0	1958571.0	17794075.0
142_4_ZIL_fast_S20	1155332.0	42452821.0	18139.0	2647095.0	8383679.0
142_5_HIPL_fast_S9	29739.0	1146423.0	391.0	55626.0	188733.0
142_5_Hyp_fast_S69	1578214.0	51942343.0	24164.0	3859233.0	5936085.0
142_5_ICL_fast_S31	1813327.0	61839652.0	24685.0	3261194.0	5731790.0
142_5_SCL_fast_S64	593516.0	22848724.0	7544.0	1161906.0	3494987.0
142_5_ZIL_fast_S15	1098021.0	38228319.0	17666.0	2460517.0	5992038.0
143_1_HIPL_chow_S9	71928.0	1175252.0	652.0	248579.0	2949035.0
143_1_Hyp_chow_S7	825300.0	26102733.0	12218.0	1771052.0	2668428.0
143_1_ICL_chow_S44	3565980.0	126891427.0	50650.0	6500405.0	11488967.0
143_1_SCL_chow_S65	1608057.0	61064620.0	21497.0	2993427.0	6221793.0
143_1_ZIL_chow_S55	1586452.0	52033908.0	26571.0	3247464.0	4508397.0
143_2_HIPL_chow_S3	583825.0	22039919.0	7942.0	1201256.0	2150689.0
143_2_Hyp_chow_S25	1062718.0	34202608.0	14623.0	2365813.0	4099417.0
143_2_ICL_chow_S70	1205177.0	37641864.0	17369.0	2673115.0	4424621.0
143_2_SCL_chow_S4	932053.0	34614342.0	13562.0	1672713.0	3375197.0
143_2_ZIL_chow_S7	841550.0	20433377.0	11253.0	4442996.0	21048486.0
143_3_HIPL_fast_S46	1596027.0	66081627.0	21998.0	2490687.0	4545075.0
143_3_Hyp_fast_S23	2265399.0	82664235.0	32623.0	4149588.0	7918718.0
143_3_ICL_fast_S61	1384461.0	48727733.0	23165.0	3405634.0	7569331.0
143_3_SCL_fast_S13	1384151.0	25025569.0	6449.0	5068957.0	34683837.0
143_3_ZIL_fast_S10	2045196.0	75240928.0	32503.0	3830874.0	6983710.0
143_4_HIPL_fast_S48	1431390.0	60613873.0	20227.0	2879944.0	7522107.0
143_4_Hyp_fast_S16	1162761.0	36235913.0	18629.0	2598883.0	5796712.0
143_4_ICL_fast_S51	831047.0	25381377.0	15920.0	1992070.0	3177910.0
143_4_SCL_fast_S3	531021.0	13637121.0	9447.0	6662149.0	43418631.0
143_4_ZIL_fast_S18	580221.0	16035618.0	7014.0	3975289.0	23093544.0
143_5_HIPL_fast_S35	587301.0	23394280.0	7694.0	991186.0	1661310.0
143_5_Hyp_fast_S12	289454.0	7866016.0	5269.0	3137355.0	5877376.0
143_5_ICL_fast_S54	1171355.0	38305371.0	17114.0	2420887.0	5622885.0
143_5_SCL_fast_S14	970177.0	23198368.0	13245.0	6188642.0	62779091.0
143_5_ZIL_fast_S52	1038693.0	34497490.0	15004.0	2371288.0	7220914.0
144_1_HIPL_chow_S1	397249.0	7723728.0	3781.0	2141200.0	16325875.0
144_1_Hyp_chow_S68	2258.0	77433.0	32.0	5157.0	52957.0
144_1_ICL_chow_S28	1274024.0	50345709.0	18394.0	2731219.0	7694565.0
144_1_SCL_chow_S60	199970.0	7914578.0	2861.0	425976.0	1363208.0
144_1_ZIL_chow_S37	1798873.0	59831692.0	27548.0	3581306.0	7544021.0
144_2_HIPL_chow_S50	1043281.0	41982082.0	13913.0	2048028.0	5171238.0
144_2_Hyp_chow_S2	1012193.0	31825102.0	16198.0	2536627.0	4155371.0
144_2_ICL_chow_S24	857425.0	24300615.0	16781.0	12370617.0	39478029.0
144_2_SCL_chow_S14	1273800.0	48699998.0	19149.0	2658961.0	7340607.0
144_2_ZIL_chow_S11	98010.0	2976936.0	1727.0	1523810.0	7755234.0
144_3_HIPL_chow_S8	565561.0	22086571.0	7944.0	1069988.0	1760255.0
144_3_Hyp_chow_S40	998181.0	32586166.0	15087.0	2156932.0	4051899.0
144_3_ICL_chow_S21	910107.0	34921929.0	12443.0	1555289.0	3407968.0
144_3_SCL_chow_S71	570918.0	17634535.0	7417.0	1062592.0	1695311.0
144_3_ZIL_chow_S39	704810.0	25593275.0	10087.0	1306414.0	3022890.0
144_4_HIPL_fast_S15	582996.0	16680689.0	10099.0	4029170.0	23320268.0
144_4_Hyp_fast_S13	899100.0	29347266.0	12943.0	2674397.0	7733193.0
144_4_ICL_fast_S4	240035.0	6381846.0	4672.0	1506951.0	12022335.0
144_4_SCL_fast_S43	2512717.0	91110169.0	36158.0	4256982.0	7410935.0
144_4_ZIL_fast_S47	1265262.0	45743099.0	17014.0	1967309.0	3244476.0
144_5_HIPL_fast_S56	963996.0	35592762.0	13352.0	1958140.0	3418189.0
144_5_Hyp_fast_S10	286837.0	6384286.0	6220.0	8828714.0	33371241.0
144_5_ICL_fast_S36	401697.0	14065695.0	5244.0	714542.0	1273372.0
144_5_SCL_fast_S12	326894.0	9460241.0	4832.0	422630.0	868471.0
144_5_ZIL_fast_S33	1076113.0	43583351.0	15057.0	2003611.0	4692954.0
145_1_HIPL_chow_S22	2891289.0	111278066.0	41122.0	5059990.0	10107982.0
145_1_Hyp_chow_S2	98203.0	1251677.0	706.0	1426976.0	21461699.0
145_1_ICL_chow_S1	1460324.0	49578319.0	20759.0	3213815.0	6596691.0
145_1_SCL_chow_S49	616903.0	22795898.0	7476.0	1126061.0	2628073.0
145_1_ZIL_chow_S66	772654.0	27874644.0	10813.0	1773368.0	5238532.0
145_2_HIPL_chow_S8	336180.0	10071523.0	5314.0	4115986.0	10791234.0
145_2_Hyp_chow_S41	2332369.0	85543992.0	34379.0	4273367.0	7538760.0
145_2_ICL_chow_S23	615122.0	18767190.0	13421.0	11022241.0	19363559.0
145_2_SCL_chow_S34	1422390.0	53831082.0	17868.0	1995526.0	5830919.0
145_2_ZIL_chow_S11	914976.0	32324828.0	12085.0	1910169.0	3288163.0
145_3_HIPL_fast_S45	3012895.0	115758108.0	39632.0	4924938.0	8430896.0
145_3_Hyp_fast_S57	899458.0	32017993.0	11831.0	1856060.0	3661347.0
145_3_ICL_fast_S22	426323.0	15072276.0	11026.0	3568016.0	19527821.0
145_3_SCL_fast_S63	977852.0	37674036.0	12411.0	1814462.0	5290627.0
145_3_ZIL_fast_S42	1331557.0	49399392.0	18926.0	2386135.0	4065685.0
145_4_HIPL_fast_S17	2111654.0	84964350.0	30167.0	3773491.0	8178242.0
145_4_Hyp_fast_S29	2346742.0	72605626.0	35357.0	5204581.0	7973114.0
145_4_ICL_fast_S24	275033.0	11169176.0	3618.0	549073.0	1946973.0
145_4_SCL_fast_S30	2560349.0	98455282.0	36788.0	4424874.0	10939186.0
145_4_ZIL_fast_S5	428594.0	6722112.0	3423.0	5333314.0	21413250.0
145_5_HIPL_fast_S58	719498.0	28112384.0	8944.0	1272672.0	2699233.0
145_5_Hyp_fast_S17	357505.0	8993503.0	5346.0	11842605.0	55923031.0
145_5_ICL_fast_S32	1098790.0	43734675.0	14084.0	1767240.0	8328475.0
145_5_SCL_fast_S18	2032988.0	80580988.0	28448.0	3437364.0	9830048.0
145_5_ZIL_fast_S62	2491554.0	85634963.0	39652.0	5552314.0	10318070.0
14_Highfatdiet_Hip_left_S50	907942.0	39798961.0	10077.0	1859103.0	2114865.0
14_Highfatdiet_Hyp_both_S28	905826.0	35521058.0	10103.0	1994922.0	1952151.0
14_Highfatdiet_IC_left_S58	892654.0	34743393.0	9737.0	1746500.0	2444866.0
14_Highfatdiet_PFC_left_S75	829697.0	35684203.0	8949.0	1715550.0	2097689.0
14_Highfatdiet_SC_left_S74	1025946.0	39086761.0	11416.0	2314821.0	2889404.0
15_Highfatdiet_Hip_left_S27	901160.0	39895371.0	9764.0	1903223.0	2240555.0
15_Highfatdiet_Hyp_both_S18	1076785.0	40565795.0	11980.0	2701820.0	3027839.0
15_Highfatdiet_IC_left_S55	668075.0	26380789.0	7501.0	1290353.0	1631069.0
15_Highfatdiet_PFC_left_S72	1011794.0	41261685.0	12382.0	2307852.0	2592750.0
15_Highfatdiet_SC_left_S41	1007207.0	38849253.0	11416.0	2189854.0	2448953.0
16_Highfatdiet_Hip_right_S8	497482.0	22178532.0	5138.0	1021206.0	1128351.0
16_Highfatdiet_Hyp_both_S85	994787.0	35203169.0	10123.0	2831448.0	4165674.0
16_Highfatdiet_IC_right_S46	985977.0	37666195.0	11221.0	2043255.0	2269112.0
16_Highfatdiet_PFC_right_S76	1681741.0	73285698.0	18487.0	3371453.0	4035176.0
16_Highfatdiet_SC_right_S59	818682.0	33761113.0	8555.0	1602949.0	2544892.0
17_Highfatdiet_Hip_right_S33	1534095.0	69298105.0	17020.0	2977026.0	3765757.0
17_Highfatdiet_Hyp_both_S26	893796.0	34940279.0	10016.0	2008626.0	2454032.0
17_Highfatdiet_IC_right_S29	947644.0	38948627.0	10165.0	1426604.0	1893535.0
17_Highfatdiet_PFC_right_S89	959204.0	40291407.0	11512.0	2065287.0	2264087.0
17_Highfatdiet_SC_right_S64	1050598.0	42929532.0	11626.0	2074884.0	2549423.0
18_Highfatdiet_Hip_right_S53	735618.0	32964926.0	8179.0	1544451.0	1761548.0
18_Highfatdiet_Hyp_both_S13	800002.0	32076055.0	8890.0	1793294.0	2159378.0
18_Highfatdiet_IC_right_S70	784435.0	30963922.0	8605.0	1580176.0	2246582.0
18_Highfatdiet_PFC_right_S48	908349.0	40452534.0	10475.0	1834409.0	2351268.0
18_Highfatdiet_SC_right_S90	934912.0	41649326.0	10677.0	2013276.0	2384195.0
1_Chow_Hip_left_S17	811447.0	35520131.0	9375.0	1670692.0	1861977.0
1_Chow_Hyp_both_S80	1116229.0	44135444.0	13241.0	2504653.0	2716560.0
1_Chow_IC_left_S5	500534.0	21912899.0	5670.0	984328.0	1215137.0
1_Chow_PFC_left_S1	1201227.0	52051557.0	14239.0	2713777.0	3230254.0
1_Chow_SC_left_S21	1600530.0	64878037.0	17233.0	3085012.0	4112231.0
2_Chow_Hip_left_S71	1043026.0	48361075.0	13506.0	2184093.0	2349099.0
2_Chow_Hyp_both_S44	2546430.0	102675346.0	29694.0	5488745.0	6612305.0
2_Chow_IC_left_S14	875203.0	34920552.0	9833.0	1561561.0	1861613.0
2_Chow_PFC_left_S63	997831.0	39424253.0	11331.0	2178492.0	2470894.0
2_Chow_SC_left_S43	958371.0	38036155.0	10810.0	1804463.0	2183747.0
3_Chow_Hip_left_S4	866151.0	38303574.0	9761.0	1832329.0	2207976.0
3_Chow_Hyp_both_S78	1820723.0	73094748.0	21031.0	4033282.0	5147678.0
3_Chow_IC_left_S67	1418211.0	59885790.0	15544.0	2547197.0	3576612.0
3_Chow_PFC_left_S34	1042937.0	42820393.0	12660.0	2273273.0	2458375.0
3_Chow_SC_left_S87	751471.0	30676722.0	8128.0	1327629.0	2017088.0
4_Chow_Hip_right_S68	64433.0	1532447.0	901.0	474233.0	3490177.0
4_Chow_Hyp_both_S25	954970.0	38234042.0	10516.0	2175704.0	2650269.0
4_Chow_IC_right_S69	866544.0	34968115.0	9012.0	1662565.0	2757166.0
4_Chow_PFC_right_S6	1255413.0	49501456.0	15143.0	3015067.0	2818561.0
4_Chow_SC_right_S65	1700551.0	71902488.0	18556.0	3392581.0	4530384.0
5_Chow_Hip_right_S54	2707366.0	121487647.0	30063.0	5290154.0	6411131.0
5_Chow_Hyp_both_S84	878697.0	34086547.0	9774.0	1835842.0	2317035.0
5_Chow_IC_right_S15	768810.0	32280351.0	8152.0	1346631.0	1931856.0
5_Chow_PFC_right_S11	1169992.0	47210504.0	13246.0	2617065.0	3249256.0
5_Chow_SC_right_S47	978084.0	40255213.0	10707.0	2045143.0	2472159.0
6_Chow_Hip_right_S86	958665.0	41489862.0	10265.0	1839889.0	2395502.0
6_Chow_Hyp_both_S66	717443.0	29278988.0	7940.0	1556153.0	2034596.0
6_Chow_IC_right_S22	994680.0	42281319.0	10324.0	1853862.0	2392304.0
6_Chow_PFC_right_S61	580957.0	24958633.0	6482.0	1289676.0	1580091.0
6_Chow_SC_right_S31	1093006.0	49430031.0	11715.0	1537479.0	2093888.0
7_Fasting_Hip_left_S45	1180327.0	51725599.0	13556.0	2240951.0	2593296.0
7_Fasting_Hyp_both_S49	862582.0	34861909.0	10271.0	1871270.0	2172784.0
7_Fasting_IC_left_S19	823840.0	34719283.0	9181.0	1484720.0	2092496.0
7_Fasting_PFC_left_S51	1006963.0	39185684.0	11426.0	2076968.0	2157664.0
7_Fasting_SC_left_S42	898234.0	36967606.0	10306.0	1750371.0	2080597.0
8_Fasting_Hip_left_S38	866875.0	38804082.0	9561.0	1642362.0	2038206.0
8_Fasting_Hyp_both_S9	2177871.0	87020780.0	24094.0	5158901.0	5659947.0
8_Fasting_IC_left_S32	884562.0	35865502.0	9258.0	1509876.0	2127025.0
8_Fasting_PFC_left_S56	3115843.0	133763666.0	35353.0	6334436.0	7839572.0
8_Fasting_SC_left_S60	942103.0	38933837.0	9937.0	1755449.0	2518848.0
9_Fasting_Hip_left_S36	961029.0	42443027.0	10155.0	1980801.0	2770088.0
9_Fasting_Hyp_both_S39	920002.0	35947733.0	10037.0	1986943.0	2154913.0
9_Fasting_IC_left_S83	953367.0	35730501.0	10371.0	1774233.0	2515600.0
9_Fasting_PFC_left_S79	814563.0	33771613.0	8728.0	1694159.0	1935298.0
9_Fasting_SC_left_S20	817664.0	33591155.0	9007.0	1574868.0	2556594.0
Undetermined_S0	400525.0	13061610.0	5596.0	1317060.0	26923909.0
