Sample	1.0	2.0	3.0	4.0	5.0	6.0	7.0	8.0	9.0	>10	>50	>100	>500	>1k	>5k	>10k+
10_Fasting_Hip_right_S3_R1_001										4.332505153763791	0.9999645240517784	2.0106170229921583	0.8207893141271713	1.2861700038453066	0.5006104407136365	1.1316825646365203
10_Fasting_Hip_right_S3_R2_001										4.170888328614979	1.0413705068370316	2.2778808244235775	0.7155737295785087	1.4018976618563277	0.6542347060815692	0.7637171518374211
10_Fasting_Hyp_both_S24_R1_001										5.9283215453455576	1.1961649843562867	2.4982508113603514	1.2409199895263867	2.8261280319390227	1.1645930913270577	4.2728303656793996
10_Fasting_Hyp_both_S24_R2_001										6.046779136682943	1.191964127125048	2.722957102369606	1.3124480820149056	2.8245015390182195	1.2509026412178705	3.490571964052066
10_Fasting_IC_right_S2_R1_001										4.421048257971013	0.9810964209183262	2.4644570981533387	1.1122978042921343	1.704352548968165	0.595176657687994	1.7908513026660848
10_Fasting_IC_right_S2_R2_001										4.299249718735046	0.9478353590325365	2.600241688728957	1.1800266776802855	1.5695797055827416	0.8132191732974995	1.5912314350985395
10_Fasting_PFC_right_S62_R1_001										6.741237900984591	1.212349315922908	2.192916908054761	0.9723002209857856	1.357942043836855	0.3447323647412604	0.4530697883124819
10_Fasting_PFC_right_S62_R2_001										6.866877778034547	1.1867935491441348	2.5354447249124292	0.9192602856548309	1.428685304695033	0.34489038184862686	0.23164444118430896
10_Fasting_SC_right_S88_R1_001										0.19816581409281536	0.0	0.0	0.0	0.0	0.0	0.0
10_Fasting_SC_right_S88_R2_001										0.3041614820959491	0.0	0.0	0.0	0.0	0.0	0.0
11_Fasting_Hip_right_S35_R1_001										1.8058668018660333	1.135357379170514	3.294441118918222	0.9210161793228635	0.40384871737324507	0.0	54.31801414226926
11_Fasting_Hip_right_S35_R2_001										6.881474051826651	2.4876267143417987	3.678695856092563	0.8068768659191105	0.5898094481854367	1.7372702085957659	0.0
11_Fasting_Hyp_both_S30_R1_001										6.33773637342816	1.2678938569705824	2.934823325815403	1.4851729017285649	3.1137917323173574	1.1915415543493302	3.3491394772054357
11_Fasting_Hyp_both_S30_R2_001										6.268907224602091	1.1995622459546738	3.066769670280985	1.616787491342692	3.080807469438199	1.2961149544887722	3.162692557161591
11_Fasting_IC_right_S16_R1_001										4.687251524475955	1.0260319874038386	2.3997200507080945	1.163408996426707	1.9865401215324687	0.7848404913472573	1.745930108678
11_Fasting_IC_right_S16_R2_001										4.577779695228306	1.0339187016062386	2.690780773581603	1.147076454948361	1.969251607981704	0.894362879705151	1.4415710075713917
11_Fasting_PFC_right_S82_R1_001										5.463251460085241	1.1335736825407021	2.194887833713247	0.9145683382285176	1.7860084154672133	0.8619091619875769	2.0046644100087665
11_Fasting_PFC_right_S82_R2_001										5.373952310325151	1.1250941003936599	2.352502003415299	0.8326735806009462	1.6112806370580393	0.8594025853279971	2.015554763491908
11_Fasting_SC_right_S40_R1_001										5.610023025045822	1.139173414433328	2.5600733580669734	1.118394727121494	2.1508977597035637	0.7197366671271921	1.47267230529869
11_Fasting_SC_right_S40_R2_001										5.513480573258038	1.2593057014327673	2.7057372639690116	1.1831561126678773	2.0062076399861755	0.9619612548066148	1.3092247195800446
12_Fasting_Hip_right_S77_R1_001										8.269637121551277	1.5908767989675947	2.614361244979362	1.0308015770656849	2.44771555958075	0.8104606791620929	2.9657410652088574
12_Fasting_Hip_right_S77_R2_001										8.215722943609741	1.4418934572952475	2.62730517724256	1.2291766915180624	2.380113942225986	0.9337477081465709	2.767467422595383
12_Fasting_Hyp_both_S23_R1_001										1.7348035829813595	0.6948525623428758	1.4247986884404424	0.10049520529752337	0.0	0.0	44.17817079738793
12_Fasting_Hyp_both_S23_R2_001										5.66214248970119	2.188328931000336	3.197164958964803	0.5505371506540718	0.40478782326258234	0.9752510120605844	0.0
12_Fasting_IC_right_S37_R1_001										4.719655565669422	1.0107534070053863	2.6355634963421886	1.2142181822268272	2.0026355284888377	0.6744336312944392	1.9993031437271616
12_Fasting_IC_right_S37_R2_001										4.738024597992354	1.082764201554112	2.77248264486662	1.3558920330928481	1.780259660309073	0.8507839043201971	1.7783190554985555
12_Fasting_PFC_right_S52_R1_001										7.109912627483786	1.3548621982918108	2.6179676109512333	1.1363968659444605	2.660105579521074	1.042870671501795	2.260501598743432
12_Fasting_PFC_right_S52_R2_001										6.742513529876877	1.3067303736115268	2.893541940678988	1.2722925303692665	2.634569143377353	1.230110766588065	1.8587721574659302
12_Fasting_SC_right_S12_R1_001										4.679759862413204	1.1160943596148474	2.5226551527742154	1.2323933753776457	2.356074246241774	0.7384576472633129	2.9676226417411558
12_Fasting_SC_right_S12_R2_001										4.6017990424066655	1.1165037585809614	2.831121729277267	1.2244859167496074	2.3112939253656455	1.2409870988521747	1.7612386634278665
13_Highfatdiet_Hip_left_S73_R1_001										5.5770385307311034	1.0459429392057964	2.212267281133908	0.9655912124742763	1.5194336637637003	0.5522798755708352	1.1729314483566695
13_Highfatdiet_Hip_left_S73_R2_001										5.591211206615673	1.1520865903106057	2.5098866023922186	0.9185201616262603	1.6258610255633472	0.7276607878282981	0.8319937792478107
13_Highfatdiet_Hyp_both_S57_R1_001										5.102001974192675	1.0104521920203176	2.3499236933196808	0.935923515009114	1.753636551385703	0.7720663280212462	1.746606039119235
13_Highfatdiet_Hyp_both_S57_R2_001										5.2339926492079965	1.0649628930192665	2.49750261098209	1.030443216904531	1.8130404961300768	0.7626411071061632	1.4186735232650038
13_Highfatdiet_IC_left_S81_R1_001										4.569203743571211	1.052193794973307	2.3401006801099147	1.115227067755004	1.7331518456762296	0.6796535357377991	1.6689011511388903
13_Highfatdiet_IC_left_S81_R2_001										4.516436222018892	1.0090350992223553	2.6611916557841	1.1048356502387282	1.6361914582226824	0.7645214797358215	1.233691189558544
13_Highfatdiet_PFC_left_S7_R1_001										6.098568438673378	1.1941921121222614	2.346638982434924	0.9810744389382151	2.0727510627819887	0.8933220194504231	1.9818081892610953
13_Highfatdiet_PFC_left_S7_R2_001										5.905875415814431	1.1064804702997046	2.447677714609741	1.003106133155873	2.1397309024217877	1.2117559840369825	1.4575715200302475
13_Highfatdiet_SC_left_S10_R1_001										3.3752411095728694	0.945610220030214	2.4813874487083485	0.9519434357091368	1.5391021723471905	0.6211162143047296	0.9873129461688789
13_Highfatdiet_SC_left_S10_R2_001										3.3683248379244484	1.0178720349536465	2.6077130074869266	0.956628996040982	1.964698111267709	0.3216077481490713	0.5546123711282106
142_2_HIPL_chow_S67_R1_001										8.722325485924252	1.8299550198313375	2.937501304223953	1.2121816433022947	2.979114598273625	0.9645632232421988	5.481231825639897
142_2_HIPL_chow_S67_R2_001										5.44544079227689	1.1431611499453707	2.480553345435585	1.1801700229578727	2.827388792983923	0.8342741409994796	1.6804019561655708
142_2_Hyp_chow_S19_R1_001										2.5278659002508084	1.0653915262644662	2.892051063496153	1.6057870696001106	5.791908458564914	3.615245708217173	67.49314259431075
142_2_Hyp_chow_S19_R2_001										2.815623605568202	1.1718931509389594	3.4434150959978074	1.9166928949451267	6.9490535354852545	4.0212561830056	61.21827116995936
142_2_ICL_chow_S27_R1_001										5.119817668349138	1.2049470851246715	2.8119352477810873	1.3192677082783983	3.0275767501956405	0.8410845280266035	6.894435165385667
142_2_ICL_chow_S27_R2_001										3.616714446878079	1.0263641971886208	2.8304689327781754	1.486075515860025	2.809205338863219	0.9724310733251272	0.8798694027980404
142_2_SCL_chow_S21_R1_001										6.132004142570715	3.5665611331206355	10.556347818138397	4.18779966619035	4.090712757726149	0.0	36.57964044398387
142_2_SCL_chow_S21_R2_001										7.809239745758472	3.5906036014455895	8.19304184754103	2.291277388589827	1.3247068761188556	0.0	35.462868580797554
142_2_ZIL_chow_S6_R1_001										9.260245820305476	1.9611119802124135	3.2631104338864017	1.3196802577730393	3.424817309039073	1.1894685799656368	6.368685196043941
142_2_ZIL_chow_S6_R2_001										6.815578515343034	1.3963672626014585	2.721521311634728	1.313658748090332	3.369366372612318	1.2632230527955841	2.362988403338361
142_3_HIPL_chow_S59_R1_001										3.7025523576556587	1.3132298380395246	3.054525280302198	0.9355419231762813	1.9794023439420205	0.31575672046632003	1.6153524670873425
142_3_HIPL_chow_S59_R2_001										3.2122050020982638	1.2622588196246896	2.8333732931117144	1.1777701048640812	1.9020301058203997	0.3266660532556915	0.206503389233593
142_3_Hyp_chow_S38_R1_001										8.723252502474251	1.7394211026385755	3.0734337059758357	1.534990376480037	4.223643380606122	1.3648359763642215	11.004001175901301
142_3_Hyp_chow_S38_R2_001										6.943927464910361	1.3009720918343854	2.9082378849171886	1.5130722281342661	4.2507744579503	1.6487289254113056	3.193132190202874
142_3_ICL_chow_S5_R1_001										7.908975689626789	1.647566552369028	2.7369611204484423	1.2935819284950822	3.5223171183486737	1.4594437606520678	7.970591395049914
142_3_ICL_chow_S5_R2_001										5.248568786657773	1.102425095169507	2.482464658271267	1.2970606841606303	3.5704502963921136	1.26018145937828	2.7908687427685046
142_3_SCL_chow_S26_R1_001										7.2402472258389	1.5541338671036802	2.75272794143992	1.316232286434335	3.4958096833748398	1.160868736778586	7.107974078904272
142_3_SCL_chow_S26_R2_001										5.092852216533558	1.1021584010281422	2.318182921582032	1.1890187386410564	3.3804743126146968	1.2112889938956268	2.363593698510344
142_3_ZIL_chow_S20_R1_001										3.511721558759738	1.3752595760092494	3.8985777756534166	2.0500918557589234	6.763205728179905	3.5646295424151773	63.64352886770376
142_3_ZIL_chow_S20_R2_001										4.409553444217694	1.9879407728519398	5.870209941166846	3.0422830052939336	8.258193968055453	4.003956467739749	50.99315921317943
142_4_HIPL_fast_S6_R1_001										5.348739811717829	1.7414243168686623	3.947458369908889	2.2747354592794613	7.1463144136503125	3.2651997508130277	48.424100683243424
142_4_HIPL_fast_S6_R2_001										5.219598171931882	1.850516351602168	4.858412290138866	2.514853454779729	6.528002636963172	2.6969305282391325	43.23360362861082
142_4_Hyp_fast_S53_R1_001										12.84067385935729	2.890007161900534	3.9465797668946574	1.4238312957019097	4.125214793758528	2.1686349542005905	7.5384770599340305
142_4_Hyp_fast_S53_R2_001										9.948684546248822	2.0141165111194654	2.698164661522558	1.2605228030210647	4.117612800309062	1.8316236763418334	4.94847851602154
142_4_ICL_fast_S19_R1_001										7.278855002517324	1.6581775928064635	3.0398601712018505	1.4972706612484667	3.778998756877763	1.138275069610949	7.028817887436054
142_4_ICL_fast_S19_R2_001										4.692849959100817	1.1085847869374337	2.801025215185042	1.5450909649515912	3.6565034359926134	1.2063597522074248	1.9165392457379904
142_4_SCL_fast_S16_R1_001										3.3470711566127895	1.2361247187275757	3.3569139332082596	1.9490220255282913	5.990049318896335	2.7528902014852563	62.867431341886615
142_4_SCL_fast_S16_R2_001										4.043614521461244	1.781028866686367	4.951947073107054	2.50783926161256	6.53561847187762	2.9526634565968197	52.053677798434016
142_4_ZIL_fast_S20_R1_001										8.292146303866724	2.009680056451274	3.54720739614969	1.5993346254039384	4.156077953013931	1.448910219202801	12.48478434680718
142_4_ZIL_fast_S20_R2_001										5.68388370332914	1.4168968657124394	3.325525648783308	1.7121323744460797	4.287910268879122	1.5473738824536158	3.5712457236307658
142_5_HIPL_fast_S9_R1_001										3.355661374235512	1.1914224074138695	2.3017531728381244	0.49209994856530437	0.7987071975029311	0.7483869859443927	5.997260858657941
142_5_HIPL_fast_S9_R2_001										4.03421976806455	1.6253409985429808	2.933473597900194	0.6364853433167799	0.8283087578863634	0.0	0.0
142_5_Hyp_fast_S69_R1_001										8.656683961462416	1.8132929892100278	3.0239712092439595	1.4649816687132144	4.131287867341427	1.6054436742800875	6.873042213905698
142_5_Hyp_fast_S69_R2_001										6.130559484789704	1.214316528267809	2.4220774558992066	1.3803581880737164	3.8922286536441626	1.8316288251846211	3.9419081961021347
142_5_ICL_fast_S31_R1_001										8.33452379523772	1.834854876791678	2.949127615605204	1.3823513764764657	3.6827904482541816	1.1690769522340583	4.993679217363501
142_5_ICL_fast_S31_R2_001										6.572561634051626	1.2976560540155915	2.512564414455688	1.3168451846167863	3.4752006737941885	1.197111823401595	2.186991543733794
142_5_SCL_fast_S64_R1_001										4.67505928600197	1.1940644998179792	2.9659834399283667	1.4110372831425781	3.0583297857697866	0.8360456871204063	7.779611673413567
142_5_SCL_fast_S64_R2_001										3.619066293728889	1.1409822069108317	3.1519966751606536	1.5252055644076632	3.1317477083608853	0.9806067661175151	1.249585779298285
142_5_ZIL_fast_S15_R1_001										9.563704156381055	2.1775516967212925	3.8334918854487774	1.6805741593001473	4.462802339145936	1.9707414717273597	9.438923570294946
142_5_ZIL_fast_S15_R2_001										6.43414726853985	1.4514604083747331	3.2852992881094814	1.7158081486029326	4.776289584419235	1.8252296886336665	3.1572585307933796
143_1_HIPL_chow_S9_R1_001										3.0972575388470522	1.6414681086072878	5.011852301330015	2.3107888706431345	5.7690384543140745	2.0287957820215246	58.26772428203538
143_1_HIPL_chow_S9_R2_001										3.8451950357012774	1.7557988221636793	4.374539729918687	2.0240229436342214	4.314936629026005	1.3393015837916578	56.18628580241113
143_1_Hyp_chow_S7_R1_001										6.6992532966337155	1.3565581745977071	3.288878015064578	1.7437839928082468	3.9549637133907503	1.3198671607934949	4.804402413003736
143_1_Hyp_chow_S7_R2_001										4.526286692211326	1.0564431540341395	3.0522609297926824	1.7468626957347162	3.7016403233089177	1.5379234518044045	1.7174275348172723
143_1_ICL_chow_S44_R1_001										9.51016783868012	1.9824052484243015	2.840565462620542	1.116740841271416	3.0327660369387113	1.5902694301713867	5.1317398662776945
143_1_ICL_chow_S44_R2_001										7.7277278063448405	1.5221307965515103	2.136157492911096	1.0139244085742394	3.0505992766734296	1.2901557233309757	3.157386031052044
143_1_SCL_chow_S65_R1_001										6.945079556230089	1.4098482870363789	2.480814664645309	1.1674158751121722	2.923394082802418	1.0921597673263037	5.174119646148753
143_1_SCL_chow_S65_R2_001										5.042127780564248	1.030096512812195	2.070993602192047	1.1057165870403303	2.7807029805713377	0.970510510258805	1.5696572671824955
143_1_ZIL_chow_S55_R1_001										10.95636632249995	2.3214080019939685	3.580811938547484	1.495635133866554	3.829107637943014	1.2306544905650922	4.974817993840003
143_1_ZIL_chow_S55_R2_001										8.134846727136829	1.5070988946392883	3.000433266516082	1.458330587469746	3.6753461068222832	1.3195929829911908	2.4231156594381535
143_2_HIPL_chow_S3_R1_001										4.666205391878968	1.173049888851613	2.8954535926082863	1.4006249083619235	2.7420540012218444	1.145281581828625	3.818368668755176
143_2_HIPL_chow_S3_R2_001										3.6424041981349164	0.99479332838972	2.9163125082582497	1.3262591677451778	2.9175473663755365	1.12997501680842	0.955055505730228
143_2_Hyp_chow_S25_R1_001										6.848159607059855	1.4677764926200887	3.0215905690704705	1.7108787810879096	3.9700350533126088	1.2907580299082064	6.317260810166108
143_2_Hyp_chow_S25_R2_001										5.290961759796804	1.103011935106352	2.873918912769762	1.5730585909457255	3.9701618006370105	1.4353062496658113	1.940219492020933
143_2_ICL_chow_S70_R1_001										8.24463545781637	1.6924971406865335	3.2579187753103755	1.617235077952863	4.153708357652483	1.384041317850441	6.602951845265462
143_2_ICL_chow_S70_R2_001										6.442460998245661	1.3700904616530474	2.9480236590021303	1.5168732617969016	3.9444474031430823	1.4428541529869494	2.6952808433315014
143_2_SCL_chow_S4_R1_001										5.830579380375936	1.2180912856367432	2.635234966979187	1.4448972367807567	3.2255519266620682	1.035350709927491	4.407856590615343
143_2_SCL_chow_S4_R2_001										4.036265821572592	0.9071861937648578	2.544036742405286	1.4425768821343605	3.0083772949664827	0.9907670153710196	1.0590945832849454
143_2_ZIL_chow_S7_R1_001										5.461981709699342	1.7504072693296302	3.974964655088348	2.1111680230391197	7.110795629842926	3.735980098070886	49.54906800728835
143_2_ZIL_chow_S7_R2_001										5.431831618803717	1.9722125938618007	5.119462027476129	2.707315007486373	7.318090056403413	3.65388234670144	41.61993029162865
143_3_HIPL_fast_S46_R1_001										7.086757179675336	1.382171050310943	2.341291172597728	1.0177208357812388	2.406712541178214	0.766799509334767	2.8878035986114594
143_3_HIPL_fast_S46_R2_001										5.237933206651488	1.0214901849385138	2.104214683345936	0.9635498546175224	2.135370739873981	0.6655173951624672	0.9313683137273315
143_3_Hyp_fast_S23_R1_001										7.2175327733450825	1.5362640017927283	2.4536534495393925	1.1573325211055367	3.1106527861929356	1.2832194165307305	5.028549823253071
143_3_Hyp_fast_S23_R2_001										5.961018455085834	1.1333851062812579	2.061555034171455	1.1210617464285442	3.0288470628511295	1.2603274175231354	2.9297135150289413
143_3_ICL_fast_S61_R1_001										8.545569329919992	1.9893348865958782	3.3536892612304534	1.5131037278877613	4.131865687255026	1.6046240226428254	10.423615005111293
143_3_ICL_fast_S61_R2_001										6.033951565376118	1.4238865132454375	3.151681235694764	1.6314624435528928	4.4452305188335295	1.9691968976465153	3.863511748242566
143_3_SCL_fast_S13_R1_001										3.175968566452453	1.2479429223643184	3.3973976561798036	1.9274876274562762	5.791191317231099	3.112531354183083	65.8697457727749
143_3_SCL_fast_S13_R2_001										4.066848422131663	1.7865856089435033	4.951820781971097	2.692778715231812	7.419898808121668	3.637857023936826	54.89563172868903
143_3_ZIL_fast_S10_R1_001										9.701459522276688	2.0817598990266464	3.1423168288580405	1.2590304336587446	3.215203593347401	1.394212916213191	5.432019968735717
143_3_ZIL_fast_S10_R2_001										7.1532116765775	1.434291790102361	2.5154055316525494	1.1923282837961435	3.1776179718760207	1.4448476462802988	2.66845579042346
143_4_HIPL_fast_S48_R1_001										8.108020878133692	1.7730109808481103	2.9519606331129866	1.226129811898139	2.892814024183467	1.1108768484011435	6.968823837512277
143_4_HIPL_fast_S48_R2_001										5.521818095953589	1.231733581725738	2.5842883358797697	1.276019678365811	2.9340899549392634	1.1313793916750519	2.2477879067975897
143_4_Hyp_fast_S16_R1_001										7.736167497335712	1.6613477052442551	3.188935888893575	1.6250321226035813	4.371568454992493	1.6260090767198965	8.931465755760696
143_4_Hyp_fast_S16_R2_001										5.485489218657285	1.1472528203868289	2.922484358279256	1.6812627739344197	4.5728173475305995	1.7783969825106094	3.297554394274936
143_4_ICL_fast_S51_R1_001										8.577509108760497	1.9372855603534163	3.9945585313113376	1.956201084150216	4.955007293232328	1.508913649776556	6.49560306802596
143_4_ICL_fast_S51_R2_001										5.714904579094442	1.35889092263986	3.833427115241439	2.059547887065524	4.708038872090474	1.3900317073192523	2.1307123794135836
143_4_SCL_fast_S3_R1_001										2.445814322077162	0.7315301090856824	1.7629480888880826	0.9504139301217062	3.1954429065079553	1.8679639088677875	71.9757122586599
143_4_SCL_fast_S3_R2_001										2.4091975417567855	0.9096959684645883	2.2857294747270176	1.1131932961511481	3.1213563323090376	1.9420073146741983	67.71349849692368
143_4_ZIL_fast_S18_R1_001										4.151169491623128	1.5437573438641237	4.1388872424359	2.193074701228809	6.65843700360768	3.3984247317304326	57.01410291780755
143_4_ZIL_fast_S18_R2_001										4.911601696876261	2.1108865339153815	5.780696693345306	2.8700793211953535	7.953486466068056	4.239389028455562	45.09553419067412
143_5_HIPL_fast_S35_R1_001										4.915651884109174	1.1916251799001085	2.7206918471565795	1.2325251517947464	2.2991276616594463	0.597887901312609	1.9148107351446837
143_5_HIPL_fast_S35_R2_001										3.5951787064296954	0.971007131267225	2.63165064265776	1.040053654483522	2.0517623718010682	0.6588452516158528	0.3778499367911125
143_5_Hyp_fast_S12_R1_001										4.9661195541075385	1.8645834909403822	5.1001682024445	2.879938147356209	9.704230260046709	4.52993633563767	40.50223072818508
143_5_Hyp_fast_S12_R2_001										5.5213904451093265	2.2894600446766677	6.497753638782836	3.3678521410568893	10.372512146673515	5.495122397022474	30.496546150429598
143_5_ICL_fast_S54_R1_001										8.32477322863147	1.790484194394685	3.2571195849773935	1.6366103794330196	4.351879306752945	1.2386194787577192	7.547359856731975
143_5_ICL_fast_S54_R2_001										5.8496038785126006	1.2371834239504549	3.075085924250984	1.6496747195441235	4.420484979747405	1.1501648407308567	2.11716540883948
143_5_SCL_fast_S14_R1_001										4.014711559538029	1.004185455193721	1.87880097778688	0.915743959453749	3.0863670421562297	1.6250404704506276	69.3292211960529
143_5_SCL_fast_S14_R2_001										3.528365207014783	1.0321409275236748	2.29585133726485	1.108739760619401	2.957131925174784	1.6632722071482606	65.22708125369631
143_5_ZIL_fast_S52_R1_001										9.051018142651108	1.9103251323949961	3.576153755373556	1.6174196220980475	4.254504284867233	1.319474052080016	12.541568899670649
143_5_ZIL_fast_S52_R2_001										6.553468130188524	1.406889617051104	3.3365980836605345	1.6367579632893772	4.389273741777252	1.4836347170074775	2.435458958664608
144_1_HIPL_chow_S1_R1_001										3.127523867664434	1.156506960557111	3.3330870544071014	1.8563373513283365	5.633261809551151	2.677033984234512	63.24207061677598
144_1_HIPL_chow_S1_R2_001										3.570104343461232	1.5469204386218254	4.131133047700257	1.9718715045412214	6.01246948524438	2.69113549940226	57.08972382213865
144_1_Hyp_chow_S68_R1_001										3.773451230385147	1.1568435259935088	1.939388544705446	0.6241209993508997	0.0	0.0	0.0
144_1_Hyp_chow_S68_R2_001										2.747410956822194	0.7014085588443415	0.0	0.0	0.0	0.0	0.0
144_1_ICL_chow_S28_R1_001										6.917003664288377	1.5075385141566349	2.845371804813685	1.3253548574392287	3.5322505816450556	1.2578043749647911	9.141935456399134
144_1_ICL_chow_S28_R2_001										4.914825826566526	1.0932238253075628	2.7461926367094964	1.4550692892829855	3.7170828328357755	1.389890101466885	2.4441835164660133
144_1_SCL_chow_S60_R1_001										3.787436733516799	1.3920790459918486	3.334117729915846	1.379726114780057	3.0406263073882642	1.3243696154959324	6.598217675653648
144_1_SCL_chow_S60_R2_001										3.704428672442777	1.5438125696986804	4.133659666516413	1.6262587951673912	3.15984517949517	0.7681659219722616	0.6174148038585
144_1_ZIL_chow_S37_R1_001										10.725962929691406	2.247603126376926	3.4995799125875804	1.511755717350424	3.876845988903755	1.433995342768157	7.813230157762077
144_1_ZIL_chow_S37_R2_001										8.301530225661175	1.757579255792416	2.9656048433030415	1.4428546782360665	3.921673406315665	1.5882254688798578	2.888276693150762
144_2_HIPL_chow_S50_R1_001										7.48956680853643	1.6608167376382796	2.5645340207940475	1.1633928981445485	2.7352864498329725	0.7321158286398997	6.6533809213488615
144_2_HIPL_chow_S50_R2_001										5.507297300240832	1.1589416766421718	2.568399725071984	1.1149923714176013	2.539380495976407	0.7990118663400636	1.3209997571898875
144_2_Hyp_chow_S2_R1_001										7.477414363650584	1.6091010500755578	3.3791872692374625	1.852925773092166	4.931901926597357	1.7432492823525738	7.385478605839747
144_2_Hyp_chow_S2_R2_001										5.510932833466009	1.123772760497335	2.9183828227492157	1.8578984791440052	4.882251688715024	2.200745102326555	3.2307357715433893
144_2_ICL_chow_S24_R1_001										3.7089377041839304	1.281294250887519	2.82090940803382	1.4003624610500067	5.022330053201979	3.4205693598997096	64.23446139040114
144_2_ICL_chow_S24_R2_001										3.8530965080621886	1.406657613873658	3.678560003965112	1.9787973986032203	5.897228169958646	3.229874450807355	57.75461797695283
144_2_SCL_chow_S14_R1_001										7.144331917157709	1.5977214396329282	3.146513593736218	1.457256905200746	3.966704954606838	1.2975155968393848	9.316555849876895
144_2_SCL_chow_S14_R2_001										5.096032889840439	1.1819641872413107	2.918502623703456	1.494708249808509	4.037067803231246	1.344388571766875	3.4801502650941787
144_2_ZIL_chow_S11_R1_001										2.774232567486511	1.1280524851234202	3.4719221662870425	2.0924499134645376	6.16976197220351	2.7253905327241617	62.4816587244367
144_2_ZIL_chow_S11_R2_001										3.1910667780182553	1.4121683243095329	3.698823732696394	1.9257568703521633	6.063781184669984	2.382526634151914	58.33283941356216
144_3_HIPL_chow_S8_R1_001										4.440043893866786	1.179138767345897	2.8209696819965893	1.4037727259322277	2.506954039173006	0.9900715305619774	2.5511159316875633
144_3_HIPL_chow_S8_R2_001										3.0791251690583343	0.9631424135855781	2.8101114233672364	1.2148968542359493	2.482461684641975	0.8692915878032866	0.5790697503260196
144_3_Hyp_chow_S40_R1_001										7.061440559187815	1.4937590422643012	3.1058017513670673	1.602084893259093	4.232506358778483	1.3712133777780406	6.010192577938056
144_3_Hyp_chow_S40_R2_001										4.942270261237645	1.0930926154001488	2.7679304971453553	1.6336785844311204	4.018352900502683	1.5553632358568261	2.233745346140443
144_3_ICL_chow_S21_R1_001										4.834025479721369	1.0484388382104077	2.434411332324014	1.2009932185264007	2.7854525901246006	0.8953483767807244	3.5819017535753868
144_3_ICL_chow_S21_R2_001										3.5818674096195635	0.8265272069865015	2.2353023781564967	1.1580290595937248	2.7911824655897717	0.9130718317704971	0.9161516882321619
144_3_SCL_chow_S71_R1_001										5.2341566223479505	1.2021041216641235	3.572006936877245	1.7365928002796411	3.30936040922858	1.0068043380596479	3.357895781751663
144_3_SCL_chow_S71_R2_001										3.913688174197225	1.192205387289642	3.3825107547819653	1.566610085892942	3.3237824398580402	0.8717639641386011	0.6367835662979567
144_3_ZIL_chow_S39_R1_001										5.855294807840316	1.2912028511536304	3.0493292175968647	1.4569160789099902	2.870451164676418	0.9250236225524922	5.199915510238133
144_3_ZIL_chow_S39_R2_001										4.171963452209953	1.0268876755027503	2.996199261836012	1.5106399521637792	2.5951852536747553	0.9607872182267095	0.7096286791738228
144_4_HIPL_fast_S15_R1_001										5.202219477977789	1.4631970514135058	2.9197025093262443	1.5905163187242142	5.201864211533108	2.760418074207621	52.590941353587695
144_4_HIPL_fast_S15_R2_001										4.82763620660716	1.517694856423912	3.7229875870693414	1.8353406021433534	4.838102187786119	2.582438275511516	47.099309738997945
144_4_Hyp_fast_S13_R1_001										7.718875982518079	1.8742658934829348	3.8085695525128154	1.9116280709023807	5.407011763768386	2.0926665471103405	18.08375390513643
144_4_Hyp_fast_S13_R2_001										5.63673230512405	1.4483655177920494	3.8345235812842557	2.2376319873106363	5.74807346567466	2.621639266581698	6.901786732087327
144_4_ICL_fast_S4_R1_001										3.740776948677654	1.1493180340474136	3.4066442203869327	2.2654566615318927	6.515834604234175	2.4954586095512954	55.65476619517947
144_4_ICL_fast_S4_R2_001										3.9983516738963982	1.5271080061796738	4.383063371795658	2.37579548864999	5.468145776122954	2.3209047253283153	50.348898543113954
144_4_SCL_fast_S43_R1_001										8.706296536857955	1.834563678438841	2.9585424880250137	1.2323220103687729	3.323177573264037	1.4618718808610713	3.8893873755730923
144_4_SCL_fast_S43_R2_001										6.421352704488894	1.3482427105264487	2.3318798140193633	1.2371711359307713	3.230022287752882	1.247969712644117	2.0020141730982584
144_4_ZIL_fast_S47_R1_001										6.634444143235603	1.45392780924028	2.788763067130408	1.2721334901676777	2.949177984485939	0.8318776551546762	2.2855360147581476
144_4_ZIL_fast_S47_R2_001										5.110552756883871	1.064963423948172	2.4885610523596897	1.2278571709934725	2.708440257969686	0.8458612025886648	0.963957702111962
144_5_HIPL_fast_S56_R1_001										6.600402578372129	1.3826192839978326	2.963632090892726	1.4167411260033256	3.423211154564522	1.1319217853525025	4.545508660016743
144_5_HIPL_fast_S56_R2_001										4.792140557484596	1.0327248242078377	2.6551580683748823	1.3817057055961166	3.21248446992271	1.0234145563793566	1.3951881331143783
144_5_Hyp_fast_S10_R1_001										1.5789197456307926	0.6346896982673966	1.730494010007494	0.9717387478918855	3.4507151860286656	2.4068279916140844	78.0178912456207
144_5_Hyp_fast_S10_R2_001										1.897088905660946	0.8350017477272804	2.214054479123824	1.149256989307365	3.8547765623948953	2.1577693055891447	73.41579771173268
144_5_ICL_fast_S36_R1_001										3.8797633417243773	1.2299577283949883	3.275322817067352	1.5288647455035023	2.3829717794076357	0.6092292058918226	2.698982567527537
144_5_ICL_fast_S36_R2_001										3.225069199816668	1.193171297986888	3.225735636789409	1.4533640200498783	2.399016861650508	0.5677904120291134	0.2313733266159199
144_5_SCL_fast_S12_R1_001										3.5179286187938064	1.3039666334460773	3.3732764436366898	1.2393839198257464	2.1589920533235896	0.44095845281599466	2.3621509422767963
144_5_SCL_fast_S12_R2_001										2.9790769798649768	1.3397191622345646	3.475273713911224	1.3373877477555534	1.8273662234751729	0.4807526455430633	0.0
144_5_ZIL_fast_S33_R1_001										5.9350670265796115	1.2697084588202703	2.5797744889080145	1.3646674808193702	3.1661439110172385	0.9379903507034116	5.129186590600515
144_5_ZIL_fast_S33_R2_001										4.428680763450974	0.9500574963148363	2.4871132310134056	1.2914149396575088	3.063946067589379	0.886965866616516	1.3949430072897586
145_1_HIPL_chow_S22_R1_001										8.198136544288158	1.586936612086479	2.5688309257039026	1.0274783558986973	2.8093277036572224	1.2342621936266265	4.869926293474042
145_1_HIPL_chow_S22_R2_001										6.380838901547365	1.2301423611199827	1.9619558437989775	0.9753094427069031	2.687187214279436	1.2255646717955493	2.7767437890420084
145_1_Hyp_chow_S2_R1_001										0.9077254726074384	0.432803858568618	1.3614764103614214	0.8459692557752678	3.199315590926081	2.018705250581432	86.31083785332015
145_1_Hyp_chow_S2_R2_001										1.5304829295211697	0.8252583100643012	2.3652497481824035	1.1620627799240781	4.227005971427495	1.828045455709116	78.52555837197954
145_1_ICL_chow_S1_R1_001										8.12085151822662	1.6962151527058045	3.232846061717594	1.4757919056408004	4.24636424179153	1.6279247701481505	8.184358236100557
145_1_ICL_chow_S1_R2_001										5.688949795619277	1.1870384723715568	2.7350900625114645	1.4703915483837058	4.161646362673857	1.774176705652637	3.226655595974011
145_1_SCL_chow_S49_R1_001										4.66504955643915	1.0920155160933978	2.687578860103922	1.3076259367277956	2.646161947870659	0.9484471014266896	5.112076031355632
145_1_SCL_chow_S49_R2_001										3.4233746134579324	1.001740068103812	2.648917783738335	1.2919032762134641	2.545260636318277	0.6988228221511654	0.6340816123121743
145_1_ZIL_chow_S66_R1_001										7.064096628191619	1.5665993419745325	3.34671186727458	1.5462860595669319	3.5717353026817307	1.400002327267067	9.928864754856544
145_1_ZIL_chow_S66_R2_001										4.934821856965346	1.3214378537648357	3.3871630591637065	1.6126423795336846	4.142356482252669	1.4587197817080315	2.110026348166465
145_2_HIPL_chow_S8_R1_001										4.521315919560644	1.4700854529427227	3.359582567028981	1.8896613348768385	6.572507395685677	2.8711386751042935	46.80391346654212
145_2_HIPL_chow_S8_R2_001										4.7219024697533465	1.7451947002543662	4.374085318108474	2.256047592074784	6.341071568037577	3.6990342510385332	38.396550668657966
145_2_Hyp_chow_S41_R1_001										8.086788576151461	1.7016631471337265	2.604492897602666	1.1007665675574125	3.017957427456643	1.2480894135688967	4.7340981215235765
145_2_Hyp_chow_S41_R2_001										6.096850582272001	1.1773473818788986	1.9495497376918893	1.0797305237094026	2.9920413391015415	1.154924841890946	2.413504767472263
145_2_ICL_chow_S23_R1_001										4.484422853890072	1.506015974215731	3.321858576458921	1.873317053833778	6.328444347990338	3.880699557183774	54.61957448450432
145_2_ICL_chow_S23_R2_001										4.598329791399102	1.5973090918570798	4.225595694767261	2.2842302369004113	6.829141053346602	3.6481109459706023	48.566477693604206
145_2_SCL_chow_S34_R1_001										5.298794456652487	1.08831443366849	2.2991187496981498	1.1209229342203688	2.5440421209057815	0.7842798882099005	4.2990624483404964
145_2_SCL_chow_S34_R2_001										4.024540384840886	0.8563411689343048	2.0786408233018157	1.0671712327893894	2.519540406472327	0.6381611199135507	0.8613199746105362
145_2_ZIL_chow_S11_R1_001										6.401784625053082	1.4758472093168846	3.1204969678827763	1.4495769702246002	3.4422370401521754	1.2636270128436493	4.669785911395941
145_2_ZIL_chow_S11_R2_001										4.647394449938998	1.1214222415750026	2.809293282640974	1.361308890625047	3.3658244767757433	1.3282732676655487	1.7301780268722213
145_3_HIPL_fast_S45_R1_001										8.78740802159967	1.793827518538412	2.699916276483205	1.1588281734911854	2.9153781484599404	1.090763114509104	3.7791502457988977
145_3_HIPL_fast_S45_R2_001										6.735349225266398	1.2626430264252704	2.040737776812763	1.015446398019651	2.632449926329918	1.051085475543912	2.055298498750119
145_3_Hyp_fast_S57_R1_001										5.510009248296364	1.171047807071529	2.6682398728537655	1.4378203039170272	3.1821153937041706	1.1863814667981876	5.181614700134926
145_3_Hyp_fast_S57_R2_001										3.894588844830197	0.9680990220723644	2.4911357443553457	1.4193993917383663	3.1923668010166195	1.1948139717337416	1.2622303462926663
145_3_ICL_fast_S22_R1_001										4.5262084678416965	1.4682778278194364	3.120743922125583	1.925598314764945	6.67238905886383	3.9126921427903993	53.03098851057532
145_3_ICL_fast_S22_R2_001										4.359846804225001	1.5666857083940648	4.12278014285856	2.408487348521462	6.842101827564038	3.384254834331857	46.45577278351224
145_3_SCL_fast_S63_R1_001										5.5244025125024745	1.2414786585786861	2.7411929815232137	1.249158410355214	3.253942967963107	0.9968658041377341	7.347221344148037
145_3_SCL_fast_S63_R2_001										3.9086283277709146	0.9944311032293148	2.553878655126614	1.3687115851628047	3.0765192161984096	1.0078126332212225	1.3644182548986754
145_3_ZIL_fast_S42_R1_001										6.919779337270537	1.5238474338894854	2.822220423341449	1.3186956256865243	3.2881199712337716	0.9292233650579687	3.9458933727612293
145_3_ZIL_fast_S42_R2_001										5.126165139646911	1.0544765561963811	2.411675529876704	1.2778322735615004	3.1857855325986284	1.0238000257237079	1.6086947387216228
145_4_HIPL_fast_S17_R1_001										8.85091900679749	1.8028698257430733	2.797394178384855	1.1375540058654217	2.9526331821373804	1.2848072342579429	5.052427733832005
145_4_HIPL_fast_S17_R2_001										6.022789705801142	1.2382749047680595	2.148777042619608	1.0446437992270718	2.7992889821695845	1.1091161841570139	2.4853868550036884
145_4_Hyp_fast_S29_R1_001										11.287142011478004	2.5035781698737	3.4409307825426545	1.383269261344206	4.312591760840409	2.0637505908395526	7.206811937741711
145_4_Hyp_fast_S29_R2_001										8.7417736149012	1.7356662146465807	2.628331200877103	1.36968448822217	4.476079494103096	1.7725691479206134	4.070560325215194
145_4_ICL_fast_S24_R1_001										3.8056776513084167	1.2884031629984998	3.359885861506599	1.3678119644090558	2.859096045591635	1.2366064951239115	8.012070720788756
145_4_ICL_fast_S24_R2_001										3.274761726610942	1.3566647306938409	3.6830115802793073	1.614216223897597	3.0572870681553814	0.8382831905873611	1.2787459332810713
145_4_SCL_fast_S30_R1_001										9.151742388803743	1.9840561291096313	3.0098297610936053	1.1652610654462399	3.0643897092233803	1.3695798230405472	6.06391187435442
145_4_SCL_fast_S30_R2_001										5.8887354885445635	1.203627944667125	2.0773979552622475	1.0719532580790896	2.991939309581536	1.135782265883033	2.0890869071831175
145_4_ZIL_fast_S5_R1_001										3.0607061771538913	1.0777889453585634	2.4361534224214725	1.2062491273670626	4.660786304716492	3.163167872189159	68.11124005647176
145_4_ZIL_fast_S5_R2_001										3.038166646110707	1.1139949436687882	2.6282373985512097	1.4494247034713923	5.569394060159313	3.6367395956384003	62.83881103310415
145_5_HIPL_fast_S58_R1_001										5.467250562756849	1.1678119381343954	2.523485175763908	1.236985413910166	2.316773708726529	0.8360991260975649	3.971013290934817
145_5_HIPL_fast_S58_R2_001										4.161742965751064	0.9245331376228776	2.3849104745258365	1.0338764136927012	2.2928933455394302	0.7956569200111008	0.6861816254780729
145_5_Hyp_fast_S17_R1_001										1.8369160853068784	0.6896201758512832	1.6934930119841711	0.8267591325199254	2.9199914071094275	1.8047234306284516	80.81982228337664
145_5_Hyp_fast_S17_R2_001										1.9539239363096768	0.7851012970425844	2.0434182438650135	1.025554731263289	3.2596409058990465	1.9898908241889353	76.88898630050149
145_5_ICL_fast_S32_R1_001										5.134513283255668	1.115860555650308	2.255109054372368	1.2348566615178245	2.8944435209544856	0.726133450369436	10.49627387983674
145_5_ICL_fast_S32_R2_001										4.005531396094604	0.926033271855152	2.296968978452803	1.3068560540581795	2.919712176286048	0.9070131007342148	1.6598617023628601
145_5_SCL_fast_S18_R1_001										7.99903863172553	1.6904998445144332	2.7395319790718324	1.1410140684493066	2.991495929798803	1.4218749365960022	6.7374282707701365
145_5_SCL_fast_S18_R2_001										5.081242235746202	0.9852687877209639	2.236267883452577	1.1247749681797272	3.0520188678738585	1.1065753797504745	2.168289186599181
145_5_ZIL_fast_S62_R1_001										12.59247386443131	3.0574817473010465	4.244514231077921	1.428709894028088	3.8064054183676546	1.7790455285957394	8.664364610275173
145_5_ZIL_fast_S62_R2_001										9.64387569353614	2.075321202779572	3.111041708814921	1.4411405087202607	3.726379244673286	1.9017753590677204	3.8730794450418102
14_Highfatdiet_Hip_left_S50_R1_001										4.9187706147870776	1.0620280006580283	2.2395681043045133	1.0288262915493236	1.8411031557663704	0.7890564448213354	1.6613339635852982
14_Highfatdiet_Hip_left_S50_R2_001										4.931964061259418	1.0088888131843525	2.4851391112949437	1.0087042399460602	1.8283958330984598	0.7870065866367194	1.5517604380307568
14_Highfatdiet_Hyp_both_S28_R1_001										4.937137087274243	1.0413190082267167	2.394006177683751	1.1343632872441511	2.1636489259470175	0.8903880783654358	1.8260149327200454
14_Highfatdiet_Hyp_both_S28_R2_001										4.933828258585138	1.0395226735848144	2.6423027789162523	1.210042468423483	2.161856708436706	0.905377460273924	1.758381390556306
14_Highfatdiet_IC_left_S58_R1_001										4.2380656352222035	1.0408298272284704	2.605770149112692	1.318051805853557	2.137968054355343	0.7546319748341299	2.374736665080751
14_Highfatdiet_IC_left_S58_R2_001										4.480426740367183	1.0086811434499425	2.9228347918195787	1.3276024948261145	1.9962044128866385	0.8813853987170449	2.221216964967553
14_Highfatdiet_PFC_left_S75_R1_001										5.090340452481388	1.0216922401186395	2.221869710363027	0.9779099051881821	2.0161836084125766	0.6940923759116957	1.7356436978927154
14_Highfatdiet_PFC_left_S75_R2_001										4.976153908482688	1.052045153647633	2.4201395425348524	1.0089518601736853	2.038763796253066	0.9128854096866806	1.35429267437983
14_Highfatdiet_SC_left_S74_R1_001										5.5294773278845835	1.1291052755935904	2.680333961114979	1.2483403756132094	2.6028668150218515	1.0165583140000374	2.6922644320160254
14_Highfatdiet_SC_left_S74_R2_001										5.472178693343818	1.0879965715453421	2.7097070270958468	1.4389466555403858	2.465237489766177	1.1949867691133385	2.619789476205497
15_Highfatdiet_Hip_left_S27_R1_001										5.22622233972134	0.990841736885964	2.1758288611789904	0.8706753912300741	1.770265280913081	0.8287255029457744	1.9447075837021706
15_Highfatdiet_Hip_left_S27_R2_001										5.227211675889803	1.068610741600814	2.299973924376005	0.8925384678051503	1.761805869774581	0.9204742991496166	1.8045278155722493
15_Highfatdiet_Hyp_both_S18_R1_001										5.579029242969052	1.1442990495923215	2.673212888521255	1.3382762378851212	3.015138411276578	1.1451922579868388	3.413841690812506
15_Highfatdiet_Hyp_both_S18_R2_001										5.607220048699895	1.1172751529435043	2.931747688973654	1.572877182214032	2.8621542313836756	1.3329197647616273	3.1408457628021593
15_Highfatdiet_IC_left_S55_R1_001										4.652187843988524	1.0346757574294165	2.8615397118341943	1.417166323307457	2.249009473182013	0.7954622442979044	1.1155231243015766
15_Highfatdiet_IC_left_S55_R2_001										4.506221824490391	1.117240559226529	3.32587558374066	1.472341478672966	2.3054753311514884	0.6175782622825022	1.0711716946490841
15_Highfatdiet_PFC_left_S72_R1_001										7.901902969740526	1.5097319659884068	2.5787053063196113	1.1191994571532504	2.899604548106955	1.0877131061923193	2.6348695771977413
15_Highfatdiet_PFC_left_S72_R2_001										7.461114310494836	1.386823033450359	2.8122943581553943	1.1787151535954004	2.9452512589004898	1.5944608478728566	2.021006608973124
15_Highfatdiet_SC_left_S41_R1_001										5.630930879870457	1.1928423614813042	2.6990873744706056	1.21674809417682	2.433005295750769	0.8625974238979702	2.0806194531344873
15_Highfatdiet_SC_left_S41_R2_001										5.534744963680976	1.1232158583642535	2.844384819950975	1.4239501042986062	2.2778970988777694	0.9996960202948588	1.7987590481333895
16_Highfatdiet_Hip_right_S8_R1_001										4.297526345057428	0.9662196892316652	2.000368692609056	0.7641625796309082	1.6401602247512426	0.8421855777606078	1.0148426588333084
16_Highfatdiet_Hip_right_S8_R2_001										4.301523558566543	1.0989951940308762	2.1664206280536926	0.7111147516920283	1.921565194760937	0.7067024425940881	0.7764981608469148
16_Highfatdiet_Hyp_both_S85_R1_001										5.577570883837639	1.1040838478452923	3.043297060691955	1.7262466708920332	3.607976828669889	1.3445662883129221	5.877819890111626
16_Highfatdiet_Hyp_both_S85_R2_001										5.365784266541086	1.1337554820302513	3.113320346157422	1.7848116825612592	3.2811233401612725	1.51182384525759	5.967886748620227
16_Highfatdiet_IC_right_S46_R1_001										5.458113394362223	1.0842342183290357	2.575685035038313	1.2317925388569255	2.3404587787255298	0.7658627448051815	1.9917866209122996
16_Highfatdiet_IC_right_S46_R2_001										5.568623694629965	1.109983766613867	2.7678700247512213	1.3539710174328181	2.400836392299502	0.947448849444623	1.3688807248935508
16_Highfatdiet_PFC_right_S76_R1_001										8.133420829884022	1.4845064359974065	2.376300390958241	0.9737870005539168	2.1464520947616488	0.7419414368513553	2.312127959753468
16_Highfatdiet_PFC_right_S76_R2_001										8.211991053290324	1.418337751735278	2.445239183217389	1.1279186081137271	1.9975847154392015	0.9054286215092198	2.216911344962341
16_Highfatdiet_SC_right_S59_R1_001										4.34779343848651	0.9357430943231332	2.325836585147779	1.037288531159613	1.9395905014779293	0.8653682341658078	2.496526041587881
16_Highfatdiet_SC_right_S59_R2_001										4.333476348099372	1.0155034974436394	2.646065611064062	1.156707412731548	1.637182163363543	0.9516978165602599	2.0993870666230428
17_Highfatdiet_Hip_right_S33_R1_001										6.2811798553286575	1.1028876392290017	2.21595714109956	1.008516366616983	2.0009439454685713	0.7064330926915126	1.9239568046581021
17_Highfatdiet_Hip_right_S33_R2_001										6.3711587480788685	1.106739329113485	2.3272565574506237	1.1142767341515682	1.8269029903331464	0.7070152018583663	1.988852850427691
17_Highfatdiet_Hyp_both_S26_R1_001										4.5793078528220486	1.0073255188001835	2.4850808289069137	1.1140531613842297	2.1993668509265243	0.9547359561548961	2.701805780726423
17_Highfatdiet_Hyp_both_S26_R2_001										4.528605046035275	0.9796634567708881	2.6458791766820813	1.2319977062047043	1.8899045466595443	1.1689216420802164	2.690372999205165
17_Highfatdiet_IC_right_S29_R1_001										4.614537824281134	0.9442457782947974	2.333799629690605	0.9875929703465895	1.315766294936413	0.3670474734756015	0.7234953063960505
17_Highfatdiet_IC_right_S29_R2_001										4.834215131350283	1.012665375196253	2.5322962218080707	1.0754136318390493	1.5087130775614024	0.2762840248656829	0.42020553127445304
17_Highfatdiet_PFC_right_S89_R1_001										6.557181519566438	1.2212430998548187	2.371387009003124	1.0118165776002226	2.081753795470195	0.7473284787802387	2.1671355886002783
17_Highfatdiet_PFC_right_S89_R2_001										6.403413286571694	1.1962454705692123	2.700938421606882	0.9659489353389336	1.9209981827885545	1.142320465999094	1.7853048157891849
17_Highfatdiet_SC_right_S64_R1_001										4.710443803023219	1.03738025012542	2.272348350324158	1.0114719049060361	1.9217128317304564	0.7842935126106765	1.7606052051035586
17_Highfatdiet_SC_right_S64_R2_001										4.672038909634687	1.0039793524552596	2.5196046640314864	1.1278700304847242	1.9385674319801653	0.9816565745124733	1.5657832971789882
18_Highfatdiet_Hip_right_S53_R1_001										4.5260451793059655	1.023953851496206	2.0977813986260636	0.8255219175338687	1.7643818316336424	0.702888793012842	1.4872620460581067
18_Highfatdiet_Hip_right_S53_R2_001										4.631951504849418	1.0048584409087469	2.3478923422995504	0.7962234907948288	1.6834214830251264	0.9267394735078218	1.1910563762723263
18_Highfatdiet_Hyp_both_S13_R1_001										4.333340112535121	0.9521786721076799	2.4364960396672175	1.1087913030780432	2.031860922284422	0.8125004207537417	2.369060833268243
18_Highfatdiet_Hyp_both_S13_R2_001										4.217247698718339	0.9722547930138343	2.725565336598098	1.0177947182836595	1.857777813362779	1.1633430170521462	1.9732751798585617
18_Highfatdiet_IC_right_S70_R1_001										4.424324881220494	1.0320561235146166	2.6421870347875345	1.2920407915170677	1.9753568835004418	0.8378439992292264	2.4101887630983763
18_Highfatdiet_IC_right_S70_R2_001										4.288979518204358	0.9877292539148816	2.9243836914252204	1.3286847841780869	1.822548666193891	1.0655688496259765	2.3279893730391623
18_Highfatdiet_PFC_right_S48_R1_001										5.716830313710367	1.005173172296464	2.1394956607242386	0.9001257709763976	1.864125916660599	0.6968816788921978	1.6667464434612418
18_Highfatdiet_PFC_right_S48_R2_001										5.451697162492521	1.0674650762916384	2.359044981044454	0.9070744205406491	1.7193640053738757	0.8453903147905404	1.4510821399803546
18_Highfatdiet_SC_right_S90_R1_001										6.043287313119464	1.1393757211299058	2.327150487385358	0.9292955537768697	1.9699872167266326	0.7407643888180561	2.225291281124111
18_Highfatdiet_SC_right_S90_R2_001										5.995856072943812	1.1952967572862263	2.473467854667883	0.9720806818033915	1.8886986959945915	1.0720620321264678	1.5973493254244728
1_Chow_Hip_left_S17_R1_001										4.773849381029431	0.9986124285929358	2.35044614270187	0.9195154324758913	1.7703081327956018	0.5995770771688063	1.4979208824543817
1_Chow_Hip_left_S17_R2_001										4.824022008393566	1.0333795560919365	2.549991555521803	0.8863849434909766	1.7919988793006243	0.957341201554807	1.0904431260583354
1_Chow_Hyp_both_S80_R1_001										5.093684168605645	1.03405274064135	2.351612620084061	1.1111959955165942	1.9653408251623445	0.7390910807019875	2.649904720770796
1_Chow_Hyp_both_S80_R2_001										5.14262549254918	1.0015374071483734	2.5079243476382946	1.16480802706426	1.7619716668037027	1.1002552099115916	2.4676757389823276
1_Chow_IC_left_S5_R1_001										3.578824875730318	0.8933078178793549	2.2206445009402898	0.8159219809201299	1.5102381203370703	0.8952383665808759	1.0170603082956051
1_Chow_IC_left_S5_R2_001										3.525189903538902	0.9816812320202268	2.3587245361370877	0.7467916030212468	1.8750315093000827	0.6660330750898327	0.6850254546764639
1_Chow_PFC_left_S1_R1_001										6.861249650966239	1.2744162980305096	2.3029820722989416	0.9447915375420026	2.0673682593048888	0.8910623293720191	2.690248368042746
1_Chow_PFC_left_S1_R2_001										6.69893864021738	1.2437991541461129	2.4403835602485744	1.0217798144312074	1.890543795435628	1.0747026575574015	2.558240055169138
1_Chow_SC_left_S21_R1_001										6.152939838281625	1.2136880332814604	2.3391964372652807	1.2011540921534887	2.5571898308357905	0.8028784305276173	2.179295467643511
1_Chow_SC_left_S21_R2_001										6.442015931658816	1.160025376784282	2.451492744450703	1.3924279395457226	2.5153607786171057	0.8068189987319097	2.0441643571650503
2_Chow_Hip_left_S71_R1_001										5.97990293765204	1.140208786062934	2.2260828261811842	0.9274233618103694	1.8467578649715999	0.6398658377806947	1.801649460758645
2_Chow_Hip_left_S71_R2_001										5.004111320647846	1.0912271531938087	2.3326994821965874	0.9391635145757761	1.8895749068434085	0.9786789332892315	1.1386124505127997
2_Chow_Hyp_both_S44_R1_001										8.378001250595348	1.5434912106424286	2.4934723451942693	1.0468300483792694	2.5059034911459213	0.9100815514155987	3.3248572962021634
2_Chow_Hyp_both_S44_R2_001										8.438943654280422	1.5299468845802726	2.3882053379202453	1.154370002639406	2.6079682721173962	0.8404982123612204	3.3457342521465967
2_Chow_IC_left_S14_R1_001										4.726409508166335	1.0364321516854937	2.401455883702247	1.0916818779581206	1.59276703432412	0.6075826761932424	1.2498620954074646
2_Chow_IC_left_S14_R2_001										4.563887505944899	1.0293555241493892	2.6727063978077776	1.1263598753793378	1.6143096142344142	0.7541124366204152	0.9951047779609387
2_Chow_PFC_left_S63_R1_001										6.836151241027904	1.2755680495290105	2.685881072759998	1.1570675428191017	2.4764081498192447	1.014367258205856	2.2742563377762313
2_Chow_PFC_left_S63_R2_001										6.664792135192786	1.2290030260025493	2.848787157466285	1.3315966612386143	2.3248214574593495	1.0823423423853868	2.2083317079103937
2_Chow_SC_left_S43_R1_001										5.1042527533021405	1.0830361146437215	2.39104437425845	1.0974351001217988	2.0873712333930268	0.7639538460655707	1.394084958697049
2_Chow_SC_left_S43_R2_001										4.991554507544387	1.0286584767829454	2.666198435628574	1.2797362628183986	1.8964623370172264	0.8915063380508822	1.2922058829656877
3_Chow_Hip_left_S4_R1_001										5.4579479586165025	1.0029282423132233	2.1876857087731887	0.9416617599206872	1.8771789436612336	0.6611762744911168	2.0432602898140853
3_Chow_Hip_left_S4_R2_001										5.281991154765511	1.0695718040811506	2.3906110616720295	0.9069039554937243	1.8469690210029068	0.9719266621101533	1.5948330869613465
3_Chow_Hyp_both_S78_R1_001										7.302529113462196	1.407945222119071	2.2627701995881626	1.0565931515439273	2.3952252476929345	0.8706520107158823	3.727064688394814
3_Chow_Hyp_both_S78_R2_001										7.243192640481909	1.3392269630992717	2.387215341827751	1.180011120131115	2.340140270714312	0.8401920312434294	3.6776960846426667
3_Chow_IC_left_S67_R1_001										5.290954074066362	1.0341407488756829	2.2544382044556346	1.1518023171234766	2.3064106539768985	0.7385285618468752	1.906669708170562
3_Chow_IC_left_S67_R2_001										5.239221513541083	1.028213355126412	2.600494026169511	1.3388201275919305	2.32788418404165	0.6659646626857271	1.5554197271786443
3_Chow_PFC_left_S34_R1_001										7.381393118322954	1.3849901959102189	2.516893693718827	1.0970292987013084	2.2812690650096545	1.0097377682041573	2.109538531003605
3_Chow_PFC_left_S34_R2_001										7.190783587144447	1.3022263449131943	2.6685313703798847	1.1212940410771635	2.37642350049901	1.1054839207220633	1.7124696085486846
3_Chow_SC_left_S87_R1_001										4.2895639179691205	0.9839538815148273	2.588883111842194	1.2005879381463695	1.7621401598660742	0.6191805525008152	1.395472367748141
3_Chow_SC_left_S87_R2_001										4.250709612113933	1.1173499534745104	2.777899552545561	1.2101951929426262	1.7241663974473285	0.7635251652908723	0.9634149352590087
4_Chow_Hip_right_S68_R1_001										3.911656476278233	2.3457215424808013	8.603547803288148	5.1241192244980285	10.6360980225168	5.128151721017845	39.42618091651168
4_Chow_Hip_right_S68_R2_001										3.326347141422404	2.2028474974375207	8.785883188547357	4.839323419782732	7.237688888610602	3.1272831840129225	42.61338073958682
4_Chow_Hyp_both_S25_R1_001										4.671805226545102	1.0227340755697887	2.356954372150054	1.1179368074732048	2.136265763936726	0.9524903108653981	2.6979504782449992
4_Chow_Hyp_both_S25_R2_001										4.63890417790203	1.0350856093399252	2.5123515589419507	1.1869186615318192	1.961007076228464	1.1456126173176695	2.4778079519062968
4_Chow_IC_right_S69_R1_001										4.552249744344747	0.9798758851134308	2.4875835625420484	1.1923441060086524	1.9673536763534645	0.646599511442884	3.0517788522560907
4_Chow_IC_right_S69_R2_001										4.617167057931887	1.0864372930443411	2.874899854884118	1.2530928499618321	1.8862865615515083	0.8654725779320342	2.0632076599064577
4_Chow_PFC_right_S6_R1_001										8.970686403126471	1.6379063918204564	2.7813695830744054	1.1655014186417127	2.7561417816566602	0.9566826774982081	2.9464826791887675
4_Chow_PFC_right_S6_R2_001										8.783750760024247	1.573895620953227	2.956385203516704	1.2344881656822853	2.651853275208562	1.264272710800846	2.5790694082623156
4_Chow_SC_right_S65_R1_001										6.318096850396991	1.233118851540364	2.291455242155861	1.0813725512076746	2.4201757005738456	0.754736564210914	2.572598228621258
4_Chow_SC_right_S65_R2_001										6.376974584237752	1.2296887047500302	2.299205688059374	1.2463978571073255	2.374798697422167	0.8616742926809714	2.519688151421405
5_Chow_Hip_right_S54_R1_001										9.1279917915509	1.6344651216158395	2.3269013833811076	0.9748390437087764	2.1879985553315837	0.7797787635384966	2.497164072096508
5_Chow_Hip_right_S54_R2_001										9.165030240961917	1.5840112561113797	2.3246745743075192	1.119458840096454	2.253568232657992	0.7673353380915954	2.436035708928869
5_Chow_Hyp_both_S84_R1_001										4.832721620810805	1.0272646933890848	2.5048421462617947	1.1857100047314424	2.2150286039192095	0.7049738032969561	2.390555001390532
5_Chow_Hyp_both_S84_R2_001										4.701332798186445	1.0369930214823873	2.7376107980105115	1.275038164783688	2.0538733972405585	1.1681609073755732	1.9111557904229162
5_Chow_IC_right_S15_R1_001										4.191546616811604	0.9771233786254744	2.330168168072879	1.060029907839889	1.7406272743300528	0.5719341530885592	1.2746306421947067
5_Chow_IC_right_S15_R2_001										4.137260856017776	0.9816791176943775	2.622594193616248	1.0356652116672196	1.6204846113559639	0.7621315145968377	1.206253468080668
5_Chow_PFC_right_S11_R1_001										5.65387236906841	1.1815908974974727	2.4543168584939448	1.0626672521789715	2.3867533803394854	0.9649457619675956	2.999696675829944
5_Chow_PFC_right_S11_R2_001										5.573723508098942	1.1337210678329954	2.565443842994388	1.2939432395558028	2.2351687918470877	1.1270132382211984	2.7023555398457133
5_Chow_SC_right_S47_R1_001										4.660977504732973	1.037481526242517	2.3383029480068784	1.0696319816108868	1.9909889640340457	0.7356845301236232	2.1406394488755214
5_Chow_SC_right_S47_R2_001										4.659609651716449	1.0051496990061688	2.544574434743259	1.1534810560392739	1.9753006219539178	1.0419705011245224	1.6035600317721739
6_Chow_Hip_right_S86_R1_001										5.433434447459901	1.0418792139351076	2.087729607037455	0.9064465463380862	1.5768434059253225	0.7380852691019285	1.6026528306902366
6_Chow_Hip_right_S86_R2_001										5.473052512304148	1.0497225546193594	2.327908831442315	0.8514354992149704	1.564822233256722	0.8373579210088786	1.405290427129923
6_Chow_Hyp_both_S66_R1_001										4.109620760042558	0.9939425395363297	2.689307500934684	1.3542705502705257	2.434842867977693	0.933194749861515	2.1310435752917667
6_Chow_Hyp_both_S66_R2_001										3.9067340759981666	0.9992730265120896	2.9030150407208524	1.4238908239048687	2.4970691938112437	0.9657286899028675	1.9193441666822537
6_Chow_IC_right_S22_R1_001										4.535275931035388	0.9932292764538923	2.3606584608526133	1.1050398070084748	1.9026393706997036	0.6604228896845241	1.3253169035322028
6_Chow_IC_right_S22_R2_001										4.54384462548488	1.0139253311065366	2.6080046004444983	1.154519026534261	1.8584112390648924	0.7644959013775654	1.0422321369134988
6_Chow_PFC_right_S61_R1_001										4.709361252695402	1.0967115616355245	2.251236709174948	1.0231323322309847	2.170212826231788	1.0309493107421825	1.544036325680374
6_Chow_PFC_right_S61_R2_001										4.55344248089048	1.1020017831341746	2.512354651984801	0.9827410436005599	2.212256178817726	1.0647374068509674	1.4516315682430836
6_Chow_SC_right_S31_R1_001										4.0868843077848735	0.6666377965093706	1.5082125194260383	0.6057899571929007	0.9961734517789861	0.3477651335054298	0.7244893746913095
6_Chow_SC_right_S31_R2_001										3.4489870948467893	0.744412121463299	1.7233967602028926	0.514638017411291	0.9519107557414572	0.37988658123265895	0.49153983991334255
7_Fasting_Hip_left_S45_R1_001										5.5614210720765636	1.0561426239302787	2.267134054718137	0.9953460625131181	1.839221052787926	0.6826039824838777	1.3647116209262373
7_Fasting_Hip_left_S45_R2_001										5.601929547631683	1.0482170195463971	2.5952533236307214	1.0981341958832702	1.706263274641935	0.7093202452040915	1.2571152065663962
7_Fasting_Hyp_both_S49_R1_001										4.832607776413051	1.057818867169684	2.311603612606367	1.0666371492391418	2.243524388529119	0.9135851107805731	2.159606456603224
7_Fasting_Hyp_both_S49_R2_001										4.675192132958801	1.0673219754610874	2.452067961531629	1.1349808370024679	2.128216020271728	1.1503307979098292	1.9772513070173587
7_Fasting_IC_left_S19_R1_001										4.250356796996963	0.9932663736520874	2.2091242369968027	1.0722668066820276	1.8184526164852337	0.6032638885234353	1.4374475074967292
7_Fasting_IC_left_S19_R2_001										4.18249774857631	0.9716873754351256	2.491604791987601	0.9708414356993801	1.7212963248073851	0.7906014605756079	1.2512281138791994
7_Fasting_PFC_left_S51_R1_001										7.3890335091458	1.3026898336863626	2.623138921272224	1.187214596711433	2.48377609864921	0.6658546686874266	1.6938110973649663
7_Fasting_PFC_left_S51_R2_001										7.17466463364695	1.3870493387482283	2.872270996844111	1.3703323586159435	2.3105322596713016	1.111871583031529	1.227833322567625
7_Fasting_SC_left_S42_R1_001										4.482460368825233	1.013878894917021	2.186475195943461	1.017754744666567	1.8201889788958578	0.7089615118550244	1.405007399741481
7_Fasting_SC_left_S42_R2_001										4.4294675760657505	1.0341790193616023	2.451856936708	1.0304216860306201	1.7985253118582714	0.819270171001483	1.1978924997055451
8_Fasting_Hip_left_S38_R1_001										4.901854355820456	0.9794325218986352	2.080087019120963	0.7911393583907343	1.6988241649761724	0.7306293411995142	1.27852058060468
8_Fasting_Hip_left_S38_R2_001										4.881945649791217	1.0072085861255684	2.2212778949794494	0.8121963622065606	1.645754691202211	0.7512957062042886	1.3133444393621738
8_Fasting_Hyp_both_S9_R1_001										7.593922044297588	1.4191510212679084	2.4016539800427124	1.1874737571901044	3.0383601236531743	1.0271435949975214	3.837772292476492
8_Fasting_Hyp_both_S9_R2_001										7.566348307902658	1.3582527564994882	2.4536387243795255	1.3312014428538541	2.997011172519019	1.131144346205898	3.607053899253624
8_Fasting_IC_left_S32_R1_001										4.325383992714361	1.003116301023759	2.4015506774707682	1.1230037633129952	1.9021982859076747	0.6426502603301318	1.2694938926238206
8_Fasting_IC_left_S32_R2_001										4.362188612517722	0.9639380879555798	2.7126461675003437	1.1793635567746075	1.8333442095217896	0.8468038860508876	0.9781778711501959
8_Fasting_PFC_left_S56_R1_001										11.342256072126244	2.1472796311901394	2.85424905116836	1.0103513169664549	2.5135889817422576	1.0266364111584287	3.163942080307131
8_Fasting_PFC_left_S56_R2_001										11.413865848594789	2.2093502185909846	2.811715354152353	1.2114454176072418	2.5328661788729425	0.9149183440269089	3.022342898016519
8_Fasting_SC_left_S60_R1_001										4.303470656925373	0.9498378019005278	2.237258306535534	0.959155893650546	1.8562082137427847	0.7143416437425325	2.010167976111347
8_Fasting_SC_left_S60_R2_001										4.094001635483482	0.9793820209654729	2.4820259609738766	1.022237156902173	1.782827601509487	0.8301831925246868	1.757438323116806
9_Fasting_Hip_left_S36_R1_001										4.860885048356296	1.0412660602217456	2.5334634129334	1.1597619468365088	2.556066973873241	0.867804246134972	2.246719181838989
9_Fasting_Hip_left_S36_R2_001										4.964910247159976	1.045212627891341	2.7702792724702467	1.2074677373271958	2.7148202812350997	1.0252901228497644	1.772010720958634
9_Fasting_Hyp_both_S39_R1_001										5.109081289090335	0.9809961678709683	2.46710625264756	1.1201015331524158	2.233921528620806	1.1184096502154008	1.7662436651737852
9_Fasting_Hyp_both_S39_R2_001										4.99698324605216	1.070638577643181	2.6675625360947657	1.1816094776485209	2.196751202348151	0.9556893099963055	1.8124274473100586
9_Fasting_IC_left_S83_R1_001										4.806591870542496	1.0658631865232309	2.6457292748755106	1.2506601088129388	2.2715145743910097	0.9660607143674952	2.173374238645942
9_Fasting_IC_left_S83_R2_001										4.84873948635931	1.0445680896312302	2.9099543161968953	1.4418200683683324	2.3247435907102303	0.9468753250737124	1.601948768661268
9_Fasting_PFC_left_S79_R1_001										4.661106860504425	1.0049277328342574	2.271803504886449	1.0260993785347898	1.8999594507348037	0.6452412584136933	1.7364291106111014
9_Fasting_PFC_left_S79_R2_001										4.784048795624193	1.0352661000731427	2.499145323850647	1.0458579092781253	1.8950328471696771	0.950069138146951	1.176136131522302
9_Fasting_SC_left_S20_R1_001										4.36798510538816	1.0319742922484378	2.427372830262998	1.0499548386543207	1.9347106906907288	0.7985733860440131	1.693392497810469
9_Fasting_SC_left_S20_R2_001										4.340608496216393	1.0818723678334923	2.6588385587378567	1.0338491939319598	1.8904465230467318	0.9357448153107751	1.3866091433108014
Undetermined_S0_R1_001										0.8759278349218642	0.21000770944240052	0.45877702060593595	0.1447425327849171	2.0488202847475905	25.578155656393413	44.03147526641658
Undetermined_S0_R2_001										1.2291427478501065	0.2636742341355004	0.4918999520322479	0.13416673068280197	2.5401148951628203	26.568001683325388	41.185217842172584
