Sample	Overlapping Genes	No Feature	Ambiguous Features	Multimapping	Unmapped
10_Fasting_Hip_right_S3	13538394.0	19855611.0	208422.0	1328963.0	1516594.0
10_Fasting_Hyp_both_S24	22501882.0	27339586.0	362407.0	3016757.0	4087773.0
10_Fasting_IC_right_S2	15563227.0	23772253.0	263483.0	1658211.0	2368894.0
10_Fasting_PFC_right_S62	20151928.0	21507406.0	292997.0	1500548.0	1677769.0
10_Fasting_SC_right_S88	3006.0	3800.0	51.0	363.0	14479.0
11_Fasting_Hip_right_S35	55260.0	73680.0	860.0	5971.0	285798.0
11_Fasting_Hyp_both_S30	21188339.0	21673416.0	361748.0	2818176.0	3178513.0
11_Fasting_IC_right_S16	15219096.0	20750863.0	244588.0	1678912.0	2142904.0
11_Fasting_PFC_right_S82	15966788.0	20231855.0	245855.0	1678945.0	2244430.0
11_Fasting_SC_right_S40	17871901.0	21094729.0	280674.0	1905647.0	2145698.0
12_Fasting_Hip_right_S77	34958851.0	44291636.0	528777.0	3606624.0	4853458.0
12_Fasting_Hyp_both_S23	122463.0	161821.0	1814.0	13185.0	349866.0
12_Fasting_IC_right_S37	16202910.0	21427685.0	274953.0	1700235.0	2384250.0
12_Fasting_PFC_right_S52	19051346.0	18307707.0	292841.0	2026026.0	2350558.0
12_Fasting_SC_right_S12	14089092.0	18037704.0	228929.0	1744636.0	2324188.0
13_Highfatdiet_Hip_left_S73	18467337.0	23896312.0	281219.0	1784496.0	1916786.0
13_Highfatdiet_Hyp_both_S57	16581348.0	22827185.0	257000.0	1722666.0	2187314.0
13_Highfatdiet_IC_left_S81	15559780.0	21642027.0	253946.0	1654491.0	2281402.0
13_Highfatdiet_PFC_left_S7	18366864.0	21980806.0	286576.0	2115468.0	2151925.0
13_Highfatdiet_SC_left_S10	8566458.0	12063091.0	137092.0	945629.0	1135708.0
142_2_HIPL_chow_S67	28527223.0	26666351.0	422172.0	2680617.0	5710549.0
142_2_Hyp_chow_S19	4540889.0	1462373.0	627172.0	6128358.0	18088253.0
142_2_ICL_chow_S27	14186881.0	16093840.0	210109.0	1431790.0	4073075.0
142_2_SCL_chow_S21	355628.0	32384.0	7925.0	82145.0	395371.0
142_2_ZIL_chow_S6	31038793.0	21150890.0	461018.0	2799328.0	5568079.0
142_3_HIPL_chow_S59	4910541.0	4059975.0	74321.0	454577.0	639270.0
142_3_Hyp_chow_S38	28540008.0	15721096.0	443210.0	2947747.0	8177494.0
142_3_ICL_chow_S5	27646870.0	24902347.0	427359.0	2732843.0	7315035.0
142_3_SCL_chow_S26	31355104.0	28926576.0	486116.0	3241672.0	7373290.0
142_3_ZIL_chow_S20	11669423.0	2776418.0	194325.0	3459833.0	30367870.0
142_4_HIPL_fast_S6	11176303.0	1129100.0	250246.0	2673528.0	14119881.0
142_4_Hyp_fast_S53	64401002.0	30779341.0	1024907.0	7383506.0	9062031.0
142_4_ICL_fast_S19	22119320.0	20844531.0	329444.0	2166781.0	5458920.0
142_4_SCL_fast_S16	7017960.0	1248940.0	100283.0	1958571.0	17794075.0
142_4_ZIL_fast_S20	25107526.0	18164316.0	354450.0	2647095.0	8383679.0
142_5_HIPL_fast_S9	579584.0	587926.0	9043.0	55626.0	188733.0
142_5_Hyp_fast_S69	32036975.0	21006284.0	501462.0	3859233.0	5936085.0
142_5_ICL_fast_S31	35146453.0	27991159.0	540052.0	3261194.0	5731790.0
142_5_SCL_fast_S64	11518013.0	11767193.0	164578.0	1161906.0	3494987.0
142_5_ZIL_fast_S15	25707554.0	13279913.0	356539.0	2460517.0	5992038.0
143_1_HIPL_chow_S9	1078695.0	147793.0	21344.0	248579.0	2949035.0
143_1_Hyp_chow_S7	16326918.0	10340699.0	272634.0	1771052.0	2668428.0
143_1_ICL_chow_S44	66587632.0	62885396.0	1035029.0	6500405.0	11488967.0
143_1_SCL_chow_S65	30267656.0	31970714.0	455804.0	2993427.0	6221793.0
143_1_ZIL_chow_S55	35764315.0	17373630.0	508986.0	3247464.0	4508397.0
143_2_HIPL_chow_S3	11683069.0	10763391.0	185226.0	1201256.0	2150689.0
143_2_Hyp_chow_S25	20890122.0	14047943.0	341884.0	2365813.0	4099417.0
143_2_ICL_chow_S70	25209259.0	13267554.0	387597.0	2673115.0	4424621.0
143_2_SCL_chow_S4	18010681.0	17269571.0	279705.0	1672713.0	3375197.0
143_2_ZIL_chow_S7	18578414.0	2310794.0	396972.0	4442996.0	21048486.0
143_3_HIPL_fast_S46	30572348.0	36667277.0	460027.0	2490687.0	4545075.0
143_3_Hyp_fast_S23	41162030.0	43125358.0	674869.0	4149588.0	7918718.0
143_3_ICL_fast_S61	28702435.0	21016374.0	416550.0	3405634.0	7569331.0
143_3_SCL_fast_S13	19239935.0	7005835.0	170399.0	5068957.0	34683837.0
143_3_ZIL_fast_S10	42349997.0	34353128.0	615502.0	3830874.0	6983710.0
143_4_HIPL_fast_S48	29489386.0	32142642.0	433462.0	2879944.0	7522107.0
143_4_Hyp_fast_S16	23087087.0	13956748.0	373468.0	2598883.0	5796712.0
143_4_ICL_fast_S51	17886245.0	8080063.0	262036.0	1992070.0	3177910.0
143_4_SCL_fast_S3	10213022.0	3367357.0	597210.0	6662149.0	43418631.0
143_4_ZIL_fast_S18	13044161.0	3403703.0	174989.0	3975289.0	23093544.0
143_5_HIPL_fast_S35	11789977.0	12021580.0	177718.0	991186.0	1661310.0
143_5_Hyp_fast_S12	6884613.0	1003850.0	272276.0	3137355.0	5877376.0
143_5_ICL_fast_S54	24134296.0	15006801.0	352743.0	2420887.0	5622885.0
143_5_SCL_fast_S14	21411438.0	2282011.0	488341.0	6188642.0	62779091.0
143_5_ZIL_fast_S52	23607092.0	11618417.0	325678.0	2371288.0	7220914.0
144_1_HIPL_chow_S1	6394408.0	1556259.0	174091.0	2141200.0	16325875.0
144_1_Hyp_chow_S68	50108.0	28930.0	685.0	5157.0	52957.0
144_1_ICL_chow_S28	25224890.0	26041979.0	371258.0	2731219.0	7694565.0
144_1_SCL_chow_S60	4027447.0	4035273.0	54689.0	425976.0	1363208.0
144_1_ZIL_chow_S37	39767269.0	21330354.0	560490.0	3581306.0	7544021.0
144_2_HIPL_chow_S50	22213454.0	20504883.0	320939.0	2048028.0	5171238.0
144_2_Hyp_chow_S2	21124214.0	11390392.0	338887.0	2536627.0	4155371.0
144_2_ICL_chow_S24	21309101.0	3143122.0	722598.0	12370617.0	39478029.0
144_2_SCL_chow_S14	25983399.0	23623688.0	385860.0	2658961.0	7340607.0
144_2_ZIL_chow_S11	2558029.0	340346.0	178298.0	1523810.0	7755234.0
144_3_HIPL_chow_S8	11088244.0	11395052.0	176780.0	1069988.0	1760255.0
144_3_Hyp_chow_S40	20009158.0	13266420.0	323856.0	2156932.0	4051899.0
144_3_ICL_chow_S21	16665929.0	18917908.0	260642.0	1555289.0	3407968.0
144_3_SCL_chow_S71	11082405.0	6960709.0	169756.0	1062592.0	1695311.0
144_3_ZIL_chow_S39	14404699.0	11684204.0	219269.0	1306414.0	3022890.0
144_4_HIPL_fast_S15	15118452.0	1812778.0	342554.0	4029170.0	23320268.0
144_4_Hyp_fast_S13	19946891.0	10018977.0	293441.0	2674397.0	7733193.0
144_4_ICL_fast_S4	6049969.0	441877.0	134707.0	1506951.0	12022335.0
144_4_SCL_fast_S43	46647705.0	46287703.0	723636.0	4256982.0	7410935.0
144_4_ZIL_fast_S47	24690247.0	21960097.0	375031.0	1967309.0	3244476.0
144_5_HIPL_fast_S56	20212931.0	16058432.0	298747.0	1958140.0	3418189.0
144_5_Hyp_fast_S10	4170999.0	1735577.0	770767.0	8828714.0	33371241.0
144_5_ICL_fast_S36	7589897.0	6765144.0	117595.0	714542.0	1273372.0
144_5_SCL_fast_S12	4672203.0	5050390.0	69374.0	422630.0	868471.0
144_5_ZIL_fast_S33	21721404.0	22629788.0	323329.0	2003611.0	4692954.0
145_1_HIPL_chow_S22	54361733.0	59000835.0	847909.0	5059990.0	10107982.0
145_1_Hyp_chow_S2	915948.0	317674.0	116964.0	1426976.0	21461699.0
145_1_ICL_chow_S1	29238623.0	21380969.0	439810.0	3213815.0	6596691.0
145_1_SCL_chow_S49	11492798.0	11756826.0	170653.0	1126061.0	2628073.0
145_1_ZIL_chow_S66	17128433.0	11291055.0	238623.0	1773368.0	5238532.0
145_2_HIPL_chow_S8	8243738.0	1902889.0	266390.0	4115986.0	10791234.0
145_2_Hyp_chow_S41	43348328.0	43862133.0	700279.0	4273367.0	7538760.0
145_2_ICL_chow_S23	15939504.0	2502905.0	953324.0	11022241.0	19363559.0
145_2_SCL_chow_S34	24962690.0	29922095.0	386555.0	1995526.0	5830919.0
145_2_ZIL_chow_S11	18703235.0	14260762.0	287892.0	1910169.0	3288163.0
145_3_HIPL_fast_S45	58117596.0	59773867.0	919172.0	4924938.0	8430896.0
145_3_Hyp_fast_S57	16596684.0	16066782.0	265816.0	1856060.0	3661347.0
145_3_ICL_fast_S22	13762494.0	1352712.0	394419.0	3568016.0	19527821.0
145_3_SCL_fast_S63	18666226.0	19726047.0	272026.0	1814462.0	5290627.0
145_3_ZIL_fast_S42	26205687.0	24149118.0	395070.0	2386135.0	4065685.0
145_4_HIPL_fast_S17	42482311.0	43992737.0	631123.0	3773491.0	8178242.0
145_4_Hyp_fast_S29	48236169.0	25967788.0	783768.0	5204581.0	7973114.0
145_4_ICL_fast_S24	5340583.0	6031968.0	75276.0	549073.0	1946973.0
145_4_SCL_fast_S30	49098616.0	51227407.0	726396.0	4424874.0	10939186.0
145_4_ZIL_fast_S5	5262849.0	1094859.0	796421.0	5333314.0	21413250.0
145_5_HIPL_fast_S58	14528320.0	14099664.0	212842.0	1272672.0	2699233.0
145_5_Hyp_fast_S17	7009857.0	1101487.0	1245010.0	11842605.0	55923031.0
145_5_ICL_fast_S32	20169994.0	24366895.0	310660.0	1767240.0	8328475.0
145_5_SCL_fast_S18	38416056.0	43648962.0	577406.0	3437364.0	9830048.0
145_5_ZIL_fast_S62	57997984.0	29368547.0	799638.0	5552314.0	10318070.0
14_Highfatdiet_Hip_left_S50	16956858.0	23486731.0	273391.0	1859103.0	2114865.0
14_Highfatdiet_Hyp_both_S28	16300056.0	19863945.0	272986.0	1994922.0	1952151.0
14_Highfatdiet_IC_left_S58	15290304.0	20098083.0	257397.0	1746500.0	2444866.0
14_Highfatdiet_PFC_left_S75	16037925.0	20233781.0	251143.0	1715550.0	2097689.0
14_Highfatdiet_SC_left_S74	18874828.0	20943954.0	305341.0	2314821.0	2889404.0
15_Highfatdiet_Hip_left_S27	16998460.0	23537271.0	270564.0	1903223.0	2240555.0
15_Highfatdiet_Hyp_both_S18	19380324.0	21954748.0	319488.0	2701820.0	3027839.0
15_Highfatdiet_IC_left_S55	12265206.0	14600589.0	190570.0	1290353.0	1631069.0
15_Highfatdiet_PFC_left_S72	21982110.0	19966925.0	336826.0	2307852.0	2592750.0
15_Highfatdiet_SC_left_S41	18513206.0	21056903.0	297767.0	2189854.0	2448953.0
16_Highfatdiet_Hip_right_S8	10071466.0	12454039.0	155647.0	1021206.0	1128351.0
16_Highfatdiet_Hyp_both_S85	17050543.0	18831206.0	326330.0	2831448.0	4165674.0
16_Highfatdiet_IC_right_S46	18013873.0	20354870.0	294650.0	2043255.0	2269112.0
16_Highfatdiet_PFC_right_S76	33642281.0	40836458.0	507187.0	3371453.0	4035176.0
16_Highfatdiet_SC_right_S59	14276820.0	20080717.0	230813.0	1602949.0	2544892.0
17_Highfatdiet_Hip_right_S33	28595255.0	41812909.0	441056.0	2977026.0	3765757.0
17_Highfatdiet_Hyp_both_S26	15467659.0	20103088.0	273344.0	2008626.0	2454032.0
17_Highfatdiet_IC_right_S29	16677828.0	22974435.0	254173.0	1426604.0	1893535.0
17_Highfatdiet_PFC_right_S89	19433966.0	21520443.0	307714.0	2065287.0	2264087.0
17_Highfatdiet_SC_right_S64	18209140.0	25487480.0	295136.0	2074884.0	2549423.0
18_Highfatdiet_Hip_right_S53	14411744.0	19069218.0	227761.0	1544451.0	1761548.0
18_Highfatdiet_Hyp_both_S13	14115050.0	18529463.0	240434.0	1793294.0	2159378.0
18_Highfatdiet_IC_right_S70	13628848.0	17897417.0	230697.0	1580176.0	2246582.0
18_Highfatdiet_PFC_right_S48	18128563.0	22962430.0	280365.0	1834409.0	2351268.0
18_Highfatdiet_SC_right_S90	18931974.0	23362128.0	300813.0	2013276.0	2384195.0
1_Chow_Hip_left_S17	15500644.0	20599101.0	241208.0	1670692.0	1861977.0
1_Chow_Hyp_both_S80	19309296.0	25617715.0	337903.0	2504653.0	2716560.0
1_Chow_IC_left_S5	9430737.0	12841380.0	146986.0	984328.0	1215137.0
1_Chow_PFC_left_S1	24011863.0	28870423.0	384737.0	2713777.0	3230254.0
1_Chow_SC_left_S21	27890142.0	38162749.0	442909.0	3085012.0	4112231.0
2_Chow_Hip_left_S71	19769011.0	29340877.0	307719.0	2184093.0	2349099.0
2_Chow_Hyp_both_S44	45891217.0	58619003.0	741250.0	5488745.0	6612305.0
2_Chow_IC_left_S14	15327272.0	20230642.0	247674.0	1561561.0	1861613.0
2_Chow_PFC_left_S63	19964516.0	20155857.0	313042.0	2178492.0	2470894.0
2_Chow_SC_left_S43	16806707.0	21926667.0	271962.0	1804463.0	2183747.0
3_Chow_Hip_left_S4	17097977.0	21815877.0	265632.0	1832329.0	2207976.0
3_Chow_Hyp_both_S78	33142966.0	41243616.0	549920.0	4033282.0	5147678.0
3_Chow_IC_left_S67	24152183.0	36766216.0	401146.0	2547197.0	3576612.0
3_Chow_PFC_left_S34	21791588.0	21744387.0	340015.0	2273273.0	2458375.0
3_Chow_SC_left_S87	13364916.0	17866357.0	205048.0	1327629.0	2017088.0
4_Chow_Hip_right_S68	674576.0	903970.0	19235.0	474233.0	3490177.0
4_Chow_Hyp_both_S25	16845103.0	22065887.0	288538.0	2175704.0	2650269.0
4_Chow_IC_right_S69	14987045.0	20600843.0	255783.0	1662565.0	2757166.0
4_Chow_PFC_right_S6	27004432.0	23345179.0	422401.0	3015067.0	2818561.0
4_Chow_SC_right_S65	30459077.0	42681937.0	480581.0	3392581.0	4530384.0
5_Chow_Hip_right_S54	50988111.0	72448243.0	788722.0	5290154.0	6411131.0
5_Chow_Hyp_both_S84	15377773.0	19338876.0	258369.0	1835842.0	2317035.0
5_Chow_IC_right_S15	13530898.0	19312260.0	214155.0	1346631.0	1931856.0
5_Chow_PFC_right_S11	21358538.0	26685244.0	349960.0	2617065.0	3249256.0
5_Chow_SC_right_S47	17212227.0	23747605.0	284172.0	2045143.0	2472159.0
6_Chow_Hip_right_S86	18196340.0	23978805.0	283647.0	1839889.0	2395502.0
6_Chow_Hyp_both_S66	12762871.0	17035437.0	206063.0	1556153.0	2034596.0
6_Chow_IC_right_S22	17216954.0	25786673.0	282696.0	1853862.0	2392304.0
6_Chow_PFC_right_S61	11703305.0	13657330.0	185437.0	1289676.0	1580091.0
6_Chow_SC_right_S31	16689645.0	33568464.0	276643.0	1537479.0	2093888.0
7_Fasting_Hip_left_S45	21833709.0	30739844.0	345929.0	2240951.0	2593296.0
7_Fasting_Hyp_both_S49	15642250.0	19837164.0	255348.0	1871270.0	2172784.0
7_Fasting_IC_left_S19	14423450.0	20900715.0	228139.0	1484720.0	2092496.0
7_Fasting_PFC_left_S51	20260528.0	19617908.0	325637.0	2076968.0	2157664.0
7_Fasting_SC_left_S42	15658352.0	21959009.0	258785.0	1750371.0	2080597.0
8_Fasting_Hip_left_S38	16212592.0	23217146.0	250780.0	1642362.0	2038206.0
8_Fasting_Hyp_both_S9	38777495.0	49801850.0	643400.0	5158901.0	5659947.0
8_Fasting_IC_left_S32	15110434.0	21404783.0	244105.0	1509876.0	2127025.0
8_Fasting_PFC_left_S56	62786401.0	73173134.0	955327.0	6334436.0	7839572.0
8_Fasting_SC_left_S60	16066225.0	23553621.0	266031.0	1755449.0	2518848.0
9_Fasting_Hip_left_S36	18185349.0	24945494.0	283368.0	1980801.0	2770088.0
9_Fasting_Hyp_both_S39	16529959.0	20069341.0	278472.0	1986943.0	2154913.0
9_Fasting_IC_left_S83	16116186.0	20307944.0	270109.0	1774233.0	2515600.0
9_Fasting_PFC_left_S79	14976771.0	19382408.0	235725.0	1694159.0	1935298.0
9_Fasting_SC_left_S20	14151615.0	20038586.0	227625.0	1574868.0	2556594.0
Undetermined_S0	7583219.0	5727548.0	156964.0	1317060.0	26923909.0
