Sample	Overlapping Genes	No Feature	Ambiguous Features	Multimapping	Unmapped
10_Fasting_Hip_right_S3	13457670.0	19526852.0	617905.0	1328963.0	1516594.0
10_Fasting_Hyp_both_S24	22383543.0	26793250.0	1027082.0	3016757.0	4087773.0
10_Fasting_IC_right_S2	15520613.0	23327671.0	750679.0	1658211.0	2368894.0
10_Fasting_PFC_right_S62	19935989.0	21115607.0	900735.0	1500548.0	1677769.0
10_Fasting_SC_right_S88	2994.0	3728.0	135.0	363.0	14479.0
11_Fasting_Hip_right_S35	55087.0	72320.0	2393.0	5971.0	285798.0
11_Fasting_Hyp_both_S30	21033483.0	21170635.0	1019385.0	2818176.0	3178513.0
11_Fasting_IC_right_S16	15154615.0	20354083.0	705849.0	1678912.0	2142904.0
11_Fasting_PFC_right_S82	15828834.0	19890645.0	725019.0	1678945.0	2244430.0
11_Fasting_SC_right_S40	17743691.0	20672426.0	831187.0	1905647.0	2145698.0
12_Fasting_Hip_right_S77	34709456.0	43534679.0	1535129.0	3606624.0	4853458.0
12_Fasting_Hyp_both_S23	121967.0	158947.0	5184.0	13185.0	349866.0
12_Fasting_IC_right_S37	16127693.0	20993582.0	784273.0	1700235.0	2384250.0
12_Fasting_PFC_right_S52	18835119.0	17964200.0	852575.0	2026026.0	2350558.0
12_Fasting_SC_right_S12	14026495.0	17679073.0	650157.0	1744636.0	2324188.0
13_Highfatdiet_Hip_left_S73	18337536.0	23481424.0	825908.0	1784496.0	1916786.0
13_Highfatdiet_Hyp_both_S57	16471094.0	22458572.0	735867.0	1722666.0	2187314.0
13_Highfatdiet_IC_left_S81	15495641.0	21219100.0	741012.0	1654491.0	2281402.0
13_Highfatdiet_PFC_left_S7	18201527.0	21610110.0	822609.0	2115468.0	2151925.0
13_Highfatdiet_SC_left_S10	8536805.0	11832396.0	397440.0	945629.0	1135708.0
142_2_HIPL_chow_S67	28204495.0	26135768.0	1275483.0	2680617.0	5710549.0
142_2_Hyp_chow_S19	4596549.0	1281337.0	752548.0	6128358.0	18088253.0
142_2_ICL_chow_S27	14094892.0	15764951.0	630987.0	1431790.0	4073075.0
142_2_SCL_chow_S21	350968.0	29124.0	15845.0	82145.0	395371.0
142_2_ZIL_chow_S6	30585877.0	20662658.0	1402166.0	2799328.0	5568079.0
142_3_HIPL_chow_S59	4850726.0	3968998.0	225113.0	454577.0	639270.0
142_3_Hyp_chow_S38	28202033.0	15199470.0	1302811.0	2947747.0	8177494.0
142_3_ICL_chow_S5	27373872.0	24339465.0	1263239.0	2732843.0	7315035.0
142_3_SCL_chow_S26	31090898.0	28246623.0	1430275.0	3241672.0	7373290.0
142_3_ZIL_chow_S20	11659301.0	2577681.0	403184.0	3459833.0	30367870.0
142_4_HIPL_fast_S6	11067533.0	928552.0	559564.0	2673528.0	14119881.0
142_4_Hyp_fast_S53	63494453.0	29637754.0	3073043.0	7383506.0	9062031.0
142_4_ICL_fast_S19	21941395.0	20361910.0	989990.0	2166781.0	5458920.0
142_4_SCL_fast_S16	6984815.0	1120479.0	261889.0	1958571.0	17794075.0
142_4_ZIL_fast_S20	24831703.0	17720302.0	1074287.0	2647095.0	8383679.0
142_5_HIPL_fast_S9	574309.0	575679.0	26565.0	55626.0	188733.0
142_5_Hyp_fast_S69	31665817.0	20399752.0	1479152.0	3859233.0	5936085.0
142_5_ICL_fast_S31	34758278.0	27275763.0	1643623.0	3261194.0	5731790.0
142_5_SCL_fast_S64	11426383.0	11515280.0	508121.0	1161906.0	3494987.0
142_5_ZIL_fast_S15	25338836.0	12911736.0	1093434.0	2460517.0	5992038.0
143_1_HIPL_chow_S9	1094563.0	103978.0	49291.0	248579.0	2949035.0
143_1_Hyp_chow_S7	16127129.0	10026930.0	786192.0	1771052.0	2668428.0
143_1_ICL_chow_S44	65973281.0	61403249.0	3131527.0	6500405.0	11488967.0
143_1_SCL_chow_S65	30001195.0	31297446.0	1395533.0	2993427.0	6221793.0
143_1_ZIL_chow_S55	35166415.0	16872704.0	1607812.0	3247464.0	4508397.0
143_2_HIPL_chow_S3	11558807.0	10533699.0	539180.0	1201256.0	2150689.0
143_2_Hyp_chow_S25	20669009.0	13625560.0	985380.0	2365813.0	4099417.0
143_2_ICL_chow_S70	24827461.0	12855170.0	1181779.0	2673115.0	4424621.0
143_2_SCL_chow_S4	17845205.0	16884873.0	829879.0	1672713.0	3375197.0
143_2_ZIL_chow_S7	18549446.0	1904540.0	832194.0	4442996.0	21048486.0
143_3_HIPL_fast_S46	30339301.0	35980161.0	1380190.0	2490687.0	4545075.0
143_3_Hyp_fast_S23	40910259.0	42113699.0	1938299.0	4149588.0	7918718.0
143_3_ICL_fast_S61	28381336.0	20478995.0	1275028.0	3405634.0	7569331.0
143_3_SCL_fast_S13	20069294.0	5898553.0	448322.0	5068957.0	34683837.0
143_3_ZIL_fast_S10	41877174.0	33558168.0	1883285.0	3830874.0	6983710.0
143_4_HIPL_fast_S48	29252898.0	31540039.0	1272553.0	2879944.0	7522107.0
143_4_Hyp_fast_S16	22860064.0	13486465.0	1070774.0	2598883.0	5796712.0
143_4_ICL_fast_S51	17626610.0	7790461.0	811273.0	1992070.0	3177910.0
143_4_SCL_fast_S3	10105533.0	3161786.0	910270.0	6662149.0	43418631.0
143_4_ZIL_fast_S18	13108439.0	3080532.0	433882.0	3975289.0	23093544.0
143_5_HIPL_fast_S35	11664499.0	11789414.0	535362.0	991186.0	1661310.0
143_5_Hyp_fast_S12	6846623.0	880262.0	433854.0	3137355.0	5877376.0
143_5_ICL_fast_S54	23810560.0	14580570.0	1102710.0	2420887.0	5622885.0
143_5_SCL_fast_S14	21038349.0	1988578.0	1154863.0	6188642.0	62779091.0
143_5_ZIL_fast_S52	23262594.0	11268687.0	1019906.0	2371288.0	7220914.0
144_1_HIPL_chow_S1	6505833.0	1303261.0	315664.0	2141200.0	16325875.0
144_1_Hyp_chow_S68	49386.0	28160.0	2177.0	5157.0	52957.0
144_1_ICL_chow_S28	25042222.0	25492652.0	1103253.0	2731219.0	7694565.0
144_1_SCL_chow_S60	3990786.0	3952949.0	173674.0	425976.0	1363208.0
144_1_ZIL_chow_S37	39223411.0	20695599.0	1739103.0	3581306.0	7544021.0
144_2_HIPL_chow_S50	21939541.0	20117707.0	982028.0	2048028.0	5171238.0
144_2_Hyp_chow_S2	20872762.0	11008060.0	972671.0	2536627.0	4155371.0
144_2_ICL_chow_S24	21281992.0	2738455.0	1154374.0	12370617.0	39478029.0
144_2_SCL_chow_S14	25763299.0	23092686.0	1136962.0	2658961.0	7340607.0
144_2_ZIL_chow_S11	2515640.0	314457.0	246576.0	1523810.0	7755234.0
144_3_HIPL_chow_S8	10987096.0	11161840.0	511140.0	1069988.0	1760255.0
144_3_Hyp_chow_S40	19788499.0	12875420.0	935515.0	2156932.0	4051899.0
144_3_ICL_chow_S21	16560109.0	18514136.0	770234.0	1555289.0	3407968.0
144_3_SCL_chow_S71	10940170.0	6746066.0	526634.0	1062592.0	1695311.0
144_3_ZIL_chow_S39	14249161.0	11407554.0	651457.0	1306414.0	3022890.0
144_4_HIPL_fast_S15	14793675.0	1685724.0	794385.0	4029170.0	23320268.0
144_4_Hyp_fast_S13	19770903.0	9656468.0	831938.0	2674397.0	7733193.0
144_4_ICL_fast_S4	5949850.0	371209.0	305494.0	1506951.0	12022335.0
144_4_SCL_fast_S43	46215160.0	45241672.0	2202212.0	4256982.0	7410935.0
144_4_ZIL_fast_S47	24432027.0	21453523.0	1139825.0	1967309.0	3244476.0
144_5_HIPL_fast_S56	19996728.0	15682711.0	890671.0	1958140.0	3418189.0
144_5_Hyp_fast_S10	4200885.0	1591193.0	885265.0	8828714.0	33371241.0
144_5_ICL_fast_S36	7514714.0	6601768.0	356154.0	714542.0	1273372.0
144_5_SCL_fast_S12	4709895.0	4866176.0	215896.0	422630.0	868471.0
144_5_ZIL_fast_S33	21540015.0	22179357.0	955149.0	2003611.0	4692954.0
145_1_HIPL_chow_S22	53948532.0	57755690.0	2506255.0	5059990.0	10107982.0
145_1_Hyp_chow_S2	964813.0	245355.0	140418.0	1426976.0	21461699.0
145_1_ICL_chow_S1	28968978.0	20784137.0	1306287.0	3213815.0	6596691.0
145_1_SCL_chow_S49	11390559.0	11498709.0	531009.0	1126061.0	2628073.0
145_1_ZIL_chow_S66	16910458.0	11011804.0	735849.0	1773368.0	5238532.0
145_2_HIPL_chow_S8	8084310.0	1817471.0	511236.0	4115986.0	10791234.0
145_2_Hyp_chow_S41	43014587.0	42856382.0	2039771.0	4273367.0	7538760.0
145_2_ICL_chow_S23	15722213.0	2318946.0	1354574.0	11022241.0	19363559.0
145_2_SCL_chow_S34	24825853.0	29276428.0	1169059.0	1995526.0	5830919.0
145_2_ZIL_chow_S11	18486461.0	13911335.0	854093.0	1910169.0	3288163.0
145_3_HIPL_fast_S45	57585862.0	58527940.0	2696833.0	4924938.0	8430896.0
145_3_Hyp_fast_S57	16467574.0	15680188.0	781520.0	1856060.0	3661347.0
145_3_ICL_fast_S22	13540477.0	1251701.0	717447.0	3568016.0	19527821.0
145_3_SCL_fast_S63	18536534.0	19300268.0	827497.0	1814462.0	5290627.0
145_3_ZIL_fast_S42	25940175.0	23612330.0	1197370.0	2386135.0	4065685.0
145_4_HIPL_fast_S17	42103726.0	43120775.0	1881670.0	3773491.0	8178242.0
145_4_Hyp_fast_S29	47606336.0	25105525.0	2275864.0	5204581.0	7973114.0
145_4_ICL_fast_S24	5309294.0	5909496.0	229037.0	549073.0	1946973.0
145_4_SCL_fast_S30	48688523.0	50145254.0	2218642.0	4424874.0	10939186.0
145_4_ZIL_fast_S5	5216921.0	912192.0	1025016.0	5333314.0	21413250.0
145_5_HIPL_fast_S58	14371634.0	13816782.0	652410.0	1272672.0	2699233.0
145_5_Hyp_fast_S17	6910059.0	992444.0	1453851.0	11842605.0	55923031.0
145_5_ICL_fast_S32	20055148.0	23872940.0	919461.0	1767240.0	8328475.0
145_5_SCL_fast_S18	38141953.0	42764097.0	1736374.0	3437364.0	9830048.0
145_5_ZIL_fast_S62	57103074.0	28561704.0	2501391.0	5552314.0	10318070.0
14_Highfatdiet_Hip_left_S50	16859248.0	23084287.0	773445.0	1859103.0	2114865.0
14_Highfatdiet_Hyp_both_S28	16201878.0	19462175.0	772934.0	1994922.0	1952151.0
14_Highfatdiet_IC_left_S58	15220574.0	19688809.0	736401.0	1746500.0	2444866.0
14_Highfatdiet_PFC_left_S75	15912350.0	19883444.0	727055.0	1715550.0	2097689.0
14_Highfatdiet_SC_left_S74	18743852.0	20498944.0	881327.0	2314821.0	2889404.0
15_Highfatdiet_Hip_left_S27	16894985.0	23140734.0	770576.0	1903223.0	2240555.0
15_Highfatdiet_Hyp_both_S18	19278033.0	21469650.0	906877.0	2701820.0	3027839.0
15_Highfatdiet_IC_left_S55	12191146.0	14304947.0	560272.0	1290353.0	1631069.0
15_Highfatdiet_PFC_left_S72	21699619.0	19604385.0	981857.0	2307852.0	2592750.0
15_Highfatdiet_SC_left_S41	18386772.0	20618697.0	862407.0	2189854.0	2448953.0
16_Highfatdiet_Hip_right_S8	9977963.0	12253039.0	450150.0	1021206.0	1128351.0
16_Highfatdiet_Hyp_both_S85	16966954.0	18379695.0	861430.0	2831448.0	4165674.0
16_Highfatdiet_IC_right_S46	17891026.0	19924094.0	848273.0	2043255.0	2269112.0
16_Highfatdiet_PFC_right_S76	33328495.0	40154442.0	1502989.0	3371453.0	4035176.0
16_Highfatdiet_SC_right_S59	14226973.0	19698192.0	663185.0	1602949.0	2544892.0
17_Highfatdiet_Hip_right_S33	28460682.0	41116634.0	1271904.0	2977026.0	3765757.0
17_Highfatdiet_Hyp_both_S26	15383803.0	19701237.0	759051.0	2008626.0	2454032.0
17_Highfatdiet_IC_right_S29	16606166.0	22535982.0	764288.0	1426604.0	1893535.0
17_Highfatdiet_PFC_right_S89	19230573.0	21143905.0	887645.0	2065287.0	2264087.0
17_Highfatdiet_SC_right_S64	18148511.0	24994022.0	849223.0	2074884.0	2549423.0
18_Highfatdiet_Hip_right_S53	14301026.0	18758168.0	649529.0	1544451.0	1761548.0
18_Highfatdiet_Hyp_both_S13	14038724.0	18169386.0	676837.0	1793294.0	2159378.0
18_Highfatdiet_IC_right_S70	13545894.0	17549173.0	661895.0	1580176.0	2246582.0
18_Highfatdiet_PFC_right_S48	17963590.0	22592440.0	815328.0	1834409.0	2351268.0
18_Highfatdiet_SC_right_S90	18775785.0	22974144.0	844986.0	2013276.0	2384195.0
1_Chow_Hip_left_S17	15395448.0	20246686.0	698819.0	1670692.0	1861977.0
1_Chow_Hyp_both_S80	19209510.0	25111530.0	943874.0	2504653.0	2716560.0
1_Chow_IC_left_S5	9372498.0	12620891.0	425714.0	984328.0	1215137.0
1_Chow_PFC_left_S1	23790252.0	28382963.0	1093808.0	2713777.0	3230254.0
1_Chow_SC_left_S21	27799864.0	37409636.0	1286300.0	3085012.0	4112231.0
2_Chow_Hip_left_S71	19656136.0	28876463.0	885008.0	2184093.0	2349099.0
2_Chow_Hyp_both_S44	45657731.0	57467455.0	2126284.0	5488745.0	6612305.0
2_Chow_IC_left_S14	15237463.0	19839213.0	728912.0	1561561.0	1861613.0
2_Chow_PFC_left_S63	19749563.0	19766520.0	917332.0	2178492.0	2470894.0
2_Chow_SC_left_S43	16721105.0	21491716.0	792515.0	1804463.0	2183747.0
3_Chow_Hip_left_S4	16956889.0	21455060.0	767537.0	1832329.0	2207976.0
3_Chow_Hyp_both_S78	32933724.0	40441227.0	1561551.0	4033282.0	5147678.0
3_Chow_IC_left_S67	24099022.0	36086544.0	1133979.0	2547197.0	3576612.0
3_Chow_PFC_left_S34	21538779.0	21351051.0	986160.0	2273273.0	2458375.0
3_Chow_SC_left_S87	13302908.0	17522063.0	611350.0	1327629.0	2017088.0
4_Chow_Hip_right_S68	683173.0	867038.0	47570.0	474233.0	3490177.0
4_Chow_Hyp_both_S25	16760410.0	21633550.0	805568.0	2175704.0	2650269.0
4_Chow_IC_right_S69	14913399.0	20207431.0	722841.0	1662565.0	2757166.0
4_Chow_PFC_right_S6	26660928.0	22892913.0	1218171.0	3015067.0	2818561.0
4_Chow_SC_right_S65	30325505.0	41901776.0	1394314.0	3392581.0	4530384.0
5_Chow_Hip_right_S54	50690303.0	71247926.0	2286847.0	5290154.0	6411131.0
5_Chow_Hyp_both_S84	15296306.0	18941157.0	737555.0	1835842.0	2317035.0
5_Chow_IC_right_S15	13464314.0	18962528.0	630471.0	1346631.0	1931856.0
5_Chow_PFC_right_S11	21252434.0	26154779.0	986529.0	2617065.0	3249256.0
5_Chow_SC_right_S47	17134613.0	23299796.0	809595.0	2045143.0	2472159.0
6_Chow_Hip_right_S86	18065819.0	23565788.0	827185.0	1839889.0	2395502.0
6_Chow_Hyp_both_S66	12707072.0	16705933.0	591366.0	1556153.0	2034596.0
6_Chow_IC_right_S22	17172041.0	25313853.0	800429.0	1853862.0	2392304.0
6_Chow_PFC_right_S61	11586917.0	13426491.0	532664.0	1289676.0	1580091.0
6_Chow_SC_right_S31	16780445.0	32977976.0	776331.0	1537479.0	2093888.0
7_Fasting_Hip_left_S45	21720514.0	30208071.0	990897.0	2240951.0	2593296.0
7_Fasting_Hyp_both_S49	15550068.0	19453343.0	731351.0	1871270.0	2172784.0
7_Fasting_IC_left_S19	14371925.0	20515821.0	664558.0	1484720.0	2092496.0
7_Fasting_PFC_left_S51	20032389.0	19229711.0	941973.0	2076968.0	2157664.0
7_Fasting_SC_left_S42	15601571.0	21540463.0	734112.0	1750371.0	2080597.0
8_Fasting_Hip_left_S38	16121764.0	22829683.0	729071.0	1642362.0	2038206.0
8_Fasting_Hyp_both_S9	38622452.0	48794910.0	1805383.0	5158901.0	5659947.0
8_Fasting_IC_left_S32	15062978.0	20987507.0	708837.0	1509876.0	2127025.0
8_Fasting_PFC_left_S56	62222181.0	71900889.0	2791792.0	6334436.0	7839572.0
8_Fasting_SC_left_S60	16021652.0	23107274.0	756951.0	1755449.0	2518848.0
9_Fasting_Hip_left_S36	18097167.0	24511267.0	805777.0	1980801.0	2770088.0
9_Fasting_Hyp_both_S39	16437663.0	19657646.0	782463.0	1986943.0	2154913.0
9_Fasting_IC_left_S83	16074416.0	19853762.0	766061.0	1774233.0	2515600.0
9_Fasting_PFC_left_S79	14884265.0	19023081.0	687558.0	1694159.0	1935298.0
9_Fasting_SC_left_S20	14106780.0	19653360.0	657686.0	1574868.0	2556594.0
Undetermined_S0	7530325.0	5553717.0	383689.0	1317060.0	26923909.0
