Sample	Uniquely mapped	Mapped to multiple loci	Mapped to too many loci	Unmapped: too short	Unmapped: other
10_Fasting_Hip_right_S3	33602427.0	1328963.0	89462.0	1094986.0	332146.0
10_Fasting_Hyp_both_S24	50203875.0	3016757.0	170209.0	3413550.0	504014.0
10_Fasting_IC_right_S2	39598963.0	1658211.0	117025.0	1828553.0	423316.0
10_Fasting_PFC_right_S62	41952331.0	1500548.0	112594.0	1190796.0	374379.0
10_Fasting_SC_right_S88	6857.0	363.0	20.0	14411.0	48.0
11_Fasting_Hip_right_S35	129800.0	5971.0	353.0	284180.0	1265.0
11_Fasting_Hyp_both_S30	43223503.0	2818176.0	140848.0	2638879.0	398786.0
11_Fasting_IC_right_S16	36214547.0	1678912.0	112048.0	1634298.0	396558.0
11_Fasting_PFC_right_S82	36444498.0	1678945.0	105280.0	1775898.0	363252.0
11_Fasting_SC_right_S40	39247304.0	1905647.0	119079.0	1649876.0	376743.0
12_Fasting_Hip_right_S77	79779264.0	3606624.0	216105.0	3896787.0	740566.0
12_Fasting_Hyp_both_S23	286098.0	13185.0	860.0	346150.0	2856.0
12_Fasting_IC_right_S37	37905548.0	1700235.0	115135.0	1895823.0	373292.0
12_Fasting_PFC_right_S52	37651894.0	2026026.0	112142.0	1906020.0	332396.0
12_Fasting_SC_right_S12	32355725.0	1744636.0	105158.0	1876520.0	342510.0
13_Highfatdiet_Hip_left_S73	42644868.0	1784496.0	113808.0	1395106.0	407872.0
13_Highfatdiet_Hyp_both_S57	39665533.0	1722666.0	109219.0	1699071.0	379024.0
13_Highfatdiet_IC_left_S81	37455753.0	1654491.0	111687.0	1776351.0	393364.0
13_Highfatdiet_PFC_left_S7	40634246.0	2115468.0	124980.0	1641287.0	385658.0
13_Highfatdiet_SC_left_S10	20766641.0	945629.0	62133.0	847439.0	226136.0
142_2_HIPL_chow_S67	55615746.0	2680617.0	131317.0	5220933.0	358299.0
142_2_Hyp_chow_S19	6630434.0	6128358.0	54090.0	18015654.0	18509.0
142_2_ICL_chow_S27	30490830.0	1431790.0	78228.0	3757316.0	237531.0
142_2_SCL_chow_S21	395937.0	82145.0	841.0	394181.0	349.0
142_2_ZIL_chow_S6	52650701.0	2799328.0	124060.0	5151067.0	292952.0
142_3_HIPL_chow_S59	9044837.0	454577.0	19207.0	567378.0	52685.0
142_3_Hyp_chow_S38	44704314.0	2947747.0	110715.0	7849060.0	217719.0
142_3_ICL_chow_S5	52976576.0	2732843.0	136218.0	6800653.0	378164.0
142_3_SCL_chow_S26	60767796.0	3241672.0	158210.0	6793605.0	421475.0
142_3_ZIL_chow_S20	14640166.0	3459833.0	49241.0	30284705.0	33924.0
142_4_HIPL_fast_S6	12555649.0	2673528.0	29368.0	14081708.0	8805.0
142_4_Hyp_fast_S53	96205250.0	7383506.0	235826.0	8443436.0	382769.0
142_4_ICL_fast_S19	43293295.0	2166781.0	117069.0	5041404.0	300447.0
142_4_SCL_fast_S16	8367183.0	1958571.0	22421.0	17760406.0	11248.0
142_4_ZIL_fast_S20	43626292.0	2647095.0	118942.0	8013463.0	251274.0
142_5_HIPL_fast_S9	1176553.0	55626.0	2612.0	178591.0	7530.0
142_5_Hyp_fast_S69	53544721.0	3859233.0	130334.0	5545887.0	259864.0
142_5_ICL_fast_S31	63677664.0	3261194.0	162076.0	5170321.0	399393.0
142_5_SCL_fast_S64	23449784.0	1161906.0	58933.0	3275780.0	160274.0
142_5_ZIL_fast_S15	39344006.0	2460517.0	95890.0	5714434.0	181714.0
143_1_HIPL_chow_S9	1247832.0	248579.0	2712.0	2944989.0	1334.0
143_1_Hyp_chow_S7	26940251.0	1771052.0	64339.0	2466041.0	138048.0
143_1_ICL_chow_S44	130508057.0	6500405.0	327161.0	10241551.0	920255.0
143_1_SCL_chow_S65	62694174.0	2993427.0	152228.0	5616505.0	453060.0
143_1_ZIL_chow_S55	53646931.0	3247464.0	118062.0	4169283.0	221052.0
143_2_HIPL_chow_S3	22631686.0	1201256.0	49565.0	1958279.0	142845.0
143_2_Hyp_chow_S25	35279949.0	2365813.0	86203.0	3825290.0	187924.0
143_2_ICL_chow_S70	38864410.0	2673115.0	90503.0	4164062.0	170056.0
143_2_SCL_chow_S4	35559957.0	1672713.0	86142.0	3029179.0	259876.0
143_2_ZIL_chow_S7	21286180.0	4442996.0	47184.0	20982588.0	18714.0
143_3_HIPL_fast_S46	67699652.0	2490687.0	156146.0	3887978.0	500951.0
143_3_Hyp_fast_S23	84962257.0	4149588.0	223026.0	7074602.0	621090.0
143_3_ICL_fast_S61	50135359.0	3405634.0	134914.0	7147067.0	287350.0
143_3_SCL_fast_S13	26416169.0	5068957.0	69823.0	34574311.0	39703.0
143_3_ZIL_fast_S10	77318627.0	3830874.0	193417.0	6305272.0	485021.0
143_4_HIPL_fast_S48	62065490.0	2879944.0	146677.0	6940729.0	434701.0
143_4_Hyp_fast_S16	37417303.0	2598883.0	96313.0	5512524.0	187875.0
143_4_ICL_fast_S51	26228344.0	1992070.0	65683.0	2999169.0	113058.0
143_4_SCL_fast_S3	14177589.0	6662149.0	55534.0	43318115.0	44982.0
143_4_ZIL_fast_S18	16622853.0	3975289.0	46977.0	23020353.0	26214.0
143_5_HIPL_fast_S35	23989275.0	991186.0	53563.0	1450699.0	157048.0
143_5_Hyp_fast_S12	8160739.0	3137355.0	27505.0	5839566.0	10305.0
143_5_ICL_fast_S54	39493840.0	2420887.0	99992.0	5313765.0	209128.0
143_5_SCL_fast_S14	24181790.0	6188642.0	76630.0	62683830.0	18631.0
143_5_ZIL_fast_S52	35551187.0	2371288.0	87760.0	6975141.0	158013.0
144_1_HIPL_chow_S1	8124758.0	2141200.0	20657.0	16291923.0	13295.0
144_1_Hyp_chow_S68	79723.0	5157.0	188.0	52438.0	331.0
144_1_ICL_chow_S28	51638127.0	2731219.0	138894.0	7152454.0	403217.0
144_1_SCL_chow_S60	8117409.0	425976.0	22553.0	1282193.0	58462.0
144_1_ZIL_chow_S37	61658113.0	3581306.0	147701.0	7097846.0	298474.0
144_2_HIPL_chow_S50	43039276.0	2048028.0	94931.0	4799874.0	276433.0
144_2_Hyp_chow_S2	32853493.0	2536627.0	78571.0	3922585.0	154215.0
144_2_ICL_chow_S24	25174821.0	12370617.0	92917.0	39338894.0	46218.0
144_2_SCL_chow_S14	49992947.0	2658961.0	131191.0	6855543.0	353873.0
144_2_ZIL_chow_S11	3076673.0	1523810.0	9752.0	7741775.0	3707.0
144_3_HIPL_chow_S8	22660076.0	1069988.0	50235.0	1562209.0	147811.0
144_3_Hyp_chow_S40	33599434.0	2156932.0	84575.0	3784094.0	183230.0
144_3_ICL_chow_S21	35844479.0	1555289.0	90832.0	3043768.0	273368.0
144_3_SCL_chow_S71	18212870.0	1062592.0	42543.0	1564676.0	88092.0
144_3_ZIL_chow_S39	26308172.0	1306414.0	60004.0	2803558.0	159328.0
144_4_HIPL_fast_S15	17273784.0	4029170.0	40606.0	23261813.0	17849.0
144_4_Hyp_fast_S13	30259309.0	2674397.0	83811.0	7527382.0	122000.0
144_4_ICL_fast_S4	6626553.0	1506951.0	15148.0	12001140.0	6047.0
144_4_SCL_fast_S43	93659044.0	4256982.0	235911.0	6500719.0	674305.0
144_4_ZIL_fast_S47	47025375.0	1967309.0	107663.0	2844531.0	292282.0
144_5_HIPL_fast_S56	36570110.0	1958140.0	74889.0	3138010.0	205290.0
144_5_Hyp_fast_S10	6677343.0	8828714.0	81616.0	33265187.0	24438.0
144_5_ICL_fast_S36	14472636.0	714542.0	35279.0	1145895.0	92198.0
144_5_SCL_fast_S12	9791967.0	422630.0	24260.0	773306.0	70905.0
144_5_ZIL_fast_S33	44674521.0	2003611.0	96843.0	4293127.0	302984.0
145_1_HIPL_chow_S22	114210477.0	5059990.0	283104.0	8957596.0	867282.0
145_1_Hyp_chow_S2	1350586.0	1426976.0	14289.0	21444986.0	2424.0
145_1_ICL_chow_S1	51059402.0	3213815.0	132978.0	6159395.0	304318.0
145_1_SCL_chow_S49	23420277.0	1126061.0	57591.0	2407449.0	163033.0
145_1_ZIL_chow_S66	28658111.0	1773368.0	70359.0	5021938.0	146235.0
145_2_HIPL_chow_S8	10413017.0	4115986.0	31694.0	10726628.0	32912.0
145_2_Hyp_chow_S41	87910740.0	4273367.0	214859.0	6695283.0	628618.0
145_2_ICL_chow_S23	19395733.0	11022241.0	107023.0	19221687.0	34849.0
145_2_SCL_chow_S34	55271340.0	1995526.0	133709.0	5274025.0	423185.0
145_2_ZIL_chow_S11	33251889.0	1910169.0	78810.0	3021020.0	188333.0
145_3_HIPL_fast_S45	118810635.0	4924938.0	259604.0	7405646.0	765646.0
145_3_Hyp_fast_S57	32929282.0	1856060.0	81333.0	3361065.0	218949.0
145_3_ICL_fast_S22	15509625.0	3568016.0	31427.0	19480951.0	15443.0
145_3_SCL_fast_S63	38664299.0	1814462.0	96962.0	4919110.0	274555.0
145_3_ZIL_fast_S42	50749875.0	2386135.0	123558.0	3610279.0	331848.0
145_4_HIPL_fast_S17	87106171.0	3773491.0	199339.0	7394839.0	584064.0
145_4_Hyp_fast_S29	74987725.0	5204581.0	182919.0	7446121.0	344074.0
145_4_ICL_fast_S24	11447827.0	549073.0	29696.0	1829431.0	87846.0
145_4_SCL_fast_S30	101052419.0	4424874.0	260967.0	9921311.0	756908.0
145_4_ZIL_fast_S5	7154129.0	5333314.0	48151.0	21351538.0	13561.0
145_5_HIPL_fast_S58	28840826.0	1272672.0	62322.0	2453246.0	183665.0
145_5_Hyp_fast_S17	9356354.0	11842605.0	109677.0	55797930.0	15424.0
145_5_ICL_fast_S32	44847549.0	1767240.0	114785.0	7851079.0	362611.0
145_5_SCL_fast_S18	82642424.0	3437364.0	210522.0	8996127.0	623399.0
145_5_ZIL_fast_S62	88166169.0	5552314.0	202492.0	9730520.0	385058.0
14_Highfatdiet_Hip_left_S50	40716980.0	1859103.0	116182.0	1605206.0	393477.0
14_Highfatdiet_Hyp_both_S28	36436987.0	1994922.0	115581.0	1477329.0	359241.0
14_Highfatdiet_IC_left_S58	35645784.0	1746500.0	106100.0	1996119.0	342647.0
14_Highfatdiet_PFC_left_S75	36522849.0	1715550.0	107419.0	1643786.0	346484.0
14_Highfatdiet_SC_left_S74	40124123.0	2314821.0	123804.0	2384763.0	380837.0
15_Highfatdiet_Hip_left_S27	40806295.0	1903223.0	115868.0	1706937.0	417750.0
15_Highfatdiet_Hyp_both_S18	41654560.0	2701820.0	136854.0	2492882.0	398103.0
15_Highfatdiet_IC_left_S55	27056365.0	1290353.0	81595.0	1288731.0	260743.0
15_Highfatdiet_PFC_left_S72	42285861.0	2307852.0	125081.0	2104360.0	363309.0
15_Highfatdiet_SC_left_S41	39867876.0	2189854.0	128016.0	1929668.0	391269.0
16_Highfatdiet_Hip_right_S8	22681152.0	1021206.0	59036.0	867886.0	201429.0
16_Highfatdiet_Hyp_both_S85	36208079.0	2831448.0	137180.0	3678378.0	350116.0
16_Highfatdiet_IC_right_S46	38663393.0	2043255.0	117281.0	1786020.0	365811.0
16_Highfatdiet_PFC_right_S76	74985926.0	3371453.0	213340.0	3097005.0	724831.0
16_Highfatdiet_SC_right_S59	34588350.0	1602949.0	105570.0	2070903.0	368419.0
17_Highfatdiet_Hip_right_S33	70849220.0	2977026.0	192120.0	2905522.0	668115.0
17_Highfatdiet_Hyp_both_S26	35844091.0	2008626.0	112264.0	1983046.0	358722.0
17_Highfatdiet_IC_right_S29	39906436.0	1426604.0	112452.0	1374719.0	406364.0
17_Highfatdiet_PFC_right_S89	41262123.0	2065287.0	117934.0	1763400.0	382753.0
17_Highfatdiet_SC_right_S64	43991756.0	2074884.0	131422.0	1961591.0	456410.0
18_Highfatdiet_Hip_right_S53	33708723.0	1544451.0	92663.0	1358051.0	310834.0
18_Highfatdiet_Hyp_both_S13	32884947.0	1793294.0	96143.0	1739012.0	324223.0
18_Highfatdiet_IC_right_S70	31756962.0	1580176.0	93073.0	1840271.0	313238.0
18_Highfatdiet_PFC_right_S48	41371358.0	1834409.0	116888.0	1851343.0	383037.0
18_Highfatdiet_SC_right_S90	42594915.0	2013276.0	116144.0	1868084.0	399967.0
1_Chow_Hip_left_S17	36340953.0	1670692.0	105250.0	1397396.0	359331.0
1_Chow_Hyp_both_S80	45264914.0	2504653.0	138024.0	2124391.0	454145.0
1_Chow_IC_left_S5	22419103.0	984328.0	62778.0	930752.0	221608.0
1_Chow_PFC_left_S1	53267023.0	2713777.0	164759.0	2562470.0	503025.0
1_Chow_SC_left_S21	66495800.0	3085012.0	205709.0	3206296.0	700226.0
2_Chow_Hip_left_S71	49417607.0	2184093.0	129850.0	1727882.0	491367.0
2_Chow_Hyp_both_S44	105251470.0	5488745.0	334070.0	5233818.0	1044417.0
2_Chow_IC_left_S14	35805588.0	1561561.0	102603.0	1410342.0	348668.0
2_Chow_PFC_left_S63	40433415.0	2178492.0	118377.0	1987471.0	365046.0
2_Chow_SC_left_S43	39005336.0	1804463.0	116859.0	1684449.0	382439.0
3_Chow_Hip_left_S4	39179486.0	1832329.0	107776.0	1724238.0	375962.0
3_Chow_Hyp_both_S78	74936502.0	4033282.0	229058.0	4170317.0	748303.0
3_Chow_IC_left_S67	61319545.0	2547197.0	177755.0	2737968.0	660889.0
3_Chow_PFC_left_S34	43875990.0	2273273.0	128569.0	1940694.0	389112.0
3_Chow_SC_left_S87	31436321.0	1327629.0	92667.0	1614704.0	309717.0
4_Chow_Hip_right_S68	1597781.0	474233.0	8667.0	3450917.0	30593.0
4_Chow_Hyp_both_S25	39199528.0	2175704.0	122344.0	2149177.0	378748.0
4_Chow_IC_right_S69	35843671.0	1662565.0	108560.0	2289815.0	358791.0
4_Chow_PFC_right_S6	50772012.0	3015067.0	149953.0	2255002.0	413606.0
4_Chow_SC_right_S65	73621595.0	3392581.0	224952.0	3547089.0	758343.0
5_Chow_Hip_right_S54	124225076.0	5290154.0	335135.0	4893420.0	1182576.0
5_Chow_Hyp_both_S84	34975018.0	1835842.0	104010.0	1865041.0	347984.0
5_Chow_IC_right_S15	33057313.0	1346631.0	95932.0	1501459.0	334465.0
5_Chow_PFC_right_S11	48393742.0	2617065.0	157811.0	2618764.0	472681.0
5_Chow_SC_right_S47	41244004.0	2045143.0	128850.0	1917669.0	425640.0
6_Chow_Hip_right_S86	42458792.0	1839889.0	124592.0	1873734.0	397176.0
6_Chow_Hyp_both_S66	30004371.0	1556153.0	91569.0	1647203.0	295824.0
6_Chow_IC_right_S22	43286323.0	1853862.0	135400.0	1799810.0	457094.0
6_Chow_PFC_right_S61	25546072.0	1289676.0	79922.0	1264347.0	235822.0
6_Chow_SC_right_S31	50534752.0	1537479.0	140780.0	1412081.0	541027.0
7_Fasting_Hip_left_S45	52919482.0	2240951.0	145184.0	1928466.0	519646.0
7_Fasting_Hyp_both_S49	35734762.0	1871270.0	107693.0	1706983.0	358108.0
7_Fasting_IC_left_S19	35552304.0	1484720.0	106629.0	1606676.0	379191.0
7_Fasting_PFC_left_S51	40204073.0	2076968.0	124410.0	1664782.0	368472.0
7_Fasting_SC_left_S42	37876146.0	1750371.0	120027.0	1555942.0	404628.0
8_Fasting_Hip_left_S38	39680518.0	1642362.0	104914.0	1560505.0	372787.0
8_Fasting_Hyp_both_S9	89222745.0	5158901.0	265174.0	4524003.0	870770.0
8_Fasting_IC_left_S32	36759322.0	1509876.0	110024.0	1641087.0	375914.0
8_Fasting_PFC_left_S56	136914862.0	6334436.0	401006.0	6125878.0	1312688.0
8_Fasting_SC_left_S60	39885877.0	1755449.0	122187.0	1977356.0	419305.0
9_Fasting_Hip_left_S36	43414211.0	1980801.0	112962.0	2252781.0	404345.0
9_Fasting_Hyp_both_S39	36877772.0	1986943.0	118410.0	1675188.0	361315.0
9_Fasting_IC_left_S83	36694239.0	1774233.0	112784.0	2037883.0	364933.0
9_Fasting_PFC_left_S79	34594904.0	1694159.0	108454.0	1471412.0	355432.0
9_Fasting_SC_left_S20	34417826.0	1574868.0	103697.0	2090362.0	362535.0
Undetermined_S0	13467731.0	1317060.0	35553.0	26838308.0	50048.0
