Sample	total	total_yield	perfectIndex	yieldQ30	qscore_sum	R1_yield	R1_Q30	R1_trimmed_bases	R2_yield	R2_Q30	R2_trimmed_bases	percent_Q30	percent_perfectIndex	mean_qscore
1-144_1_HIPL_chow	26591833	3244203626	26073166	2859191331	113316426648	1622101813	1532351212	0	1622101813	1326840119	0	88.13230181008373	98.04952520572763	34.92888847661993
1-1_Chow_PFC_left	59211054	6039527508	58780818	5765492935	218848276173	3019763754	2900223026	0	3019763754	2865269909	0	95.46264881421581	99.27338567558685	36.2359929453276
10-13_Highfatdiet_SC_left	22847978	2330493756	21648230	2227823787	84491763298	1165246878	1119875193	0	1165246878	1107948594	0	95.59449714311957	94.74899704472755	36.2548764957944
10-144_5_Hyp_fast	48877298	5963030356	47858525	5218565601	207651687161	2981515178	2846386673	0	2981515178	2372178928	0	87.51532843949185	97.91565196586767	34.82318129607724
11-144_2_ZIL_chow	12355717	1507397474	12160503	1349344229	53057511368	753698737	720863479	0	753698737	628480750	0	89.51482620037878	98.42005122001419	35.198089610172715
11-5_Chow_PFC_right	54260063	5534526426	53781742	5266791430	200233092731	2767263213	2656500616	0	2767263213	2610290814	0	95.16245880149312	99.11846582264381	36.17890264112726
12-12_Fasting_SC_right	36424549	3715303998	36116074	3532632800	134324299921	1857651999	1785583997	0	1857651999	1747048803	0	95.08327722042841	99.15311236935288	36.154322766941455
12-143_5_Hyp_fast	17175470	2095407340	16903983	1839424427	73195485832	1047703670	986041774	0	1047703670	853382653	0	87.78362048688825	98.41933292072939	34.931387532507166
13-143_3_SCL_fast	66168963	8072613486	65349058	6937503019	279214067237	4036306743	3690625174	0	4036306743	3246877845	0	85.93874872160578	98.76089187010533	34.587815671000406
13-18_Highfatdiet_Hyp_both	36837619	3757437138	36548691	3578708528	135997151792	1878718569	1804763557	0	1878718569	1773944971	0	95.24333732180193	99.21567134944308	36.19412562265466
14-143_5_SCL_fast	93149523	11364241806	91560775	10118277269	398780075480	5682120903	5422950149	0	5682120903	4695327120	0	89.03609621944013	98.2944110191525	35.090777043256445
14-2_Chow_IC_left	39228762	4001333724	38867780	3813266809	144881448795	2000666862	1921156366	0	2000666862	1892110443	0	95.29989428594834	99.07980272229851	36.208289232662864
15-144_4_HIPL_fast	44623222	5444033084	43733830	4702591577	188389453412	2722016542	2522330420	0	2722016542	2180261157	0	86.3806575830868	98.00688529393955	34.60475910142357
15-5_Chow_IC_right	36335800	3706251600	36054072	3527600720	134112901999	1853125800	1779145457	0	1853125800	1748455263	0	95.17974224955478	99.22465447299909	36.18559031421396
16-11_Fasting_IC_right	40036363	4083709026	39532359	3899384202	147994742958	2041854513	1961367420	0	2041854513	1938016782	0	95.48633796319845	98.74113440324237	36.24027618416318
16-142_4_SCL_fast	28119829	3430619138	27376255	2929040241	117941408334	1715309569	1617591049	0	1715309569	1311449192	0	85.37934766805932	97.3556951573212	34.37904459506924
17-145_5_Hyp_fast	77121990	9408882780	75794908	8405775430	330791368395	4704441390	4487895386	0	4704441390	3917880044	0	89.33871987296668	98.27924305376456	35.15734823460092
17-1_Chow_Hip_left	39873622	4067109444	39553602	3882738701	147383584507	2033554722	1952690018	0	2033554722	1930048683	0	95.46678677968717	99.19741427051699	36.23791946991432
18-143_4_ZIL_fast	43691686	5330385692	42955854	4650992273	185489582630	2665192846	2503577959	0	2665192846	2147414314	0	87.25432908129605	98.31585350128168	34.79852928998895
18-15_Highfatdiet_Hyp_both	47384219	4833190338	46999264	4610595899	175058518646	2416595169	2322021915	0	2416595169	2288573984	0	95.39446155782662	99.18758817149651	36.2200754374677
19-142_2_Hyp_chow	30847045	3763339490	30434912	3305611950	131591459182	1881669745	1744142510	0	1881669745	1561469440	0	87.83719775438065	98.66394657899971	34.96667242795042
19-7_Fasting_IC_left	39129520	3991211040	38749745	3804129714	144517147442	1995605520	1916053280	0	1995605520	1888076434	0	95.3126676558802	99.02944119938093	36.208846386133466
2-10_Fasting_IC_right	43626068	4449858936	43296313	4232433931	160980731189	2224929468	2136131883	0	2224929468	2096302048	0	95.11388994286986	99.24413311784139	36.17659200084809
2-145_1_Hyp_chow	24239261	2957189842	23461979	2537991105	101696134887	1478594921	1404478287	0	1478594921	1133512818	0	85.82442252958342	96.79329332688815	34.38945090458619
20-142_3_ZIL_chow	48467869	5913080018	47811014	5166125712	205735224762	2956540009	2784929342	0	2956540009	2381196370	0	87.36776259197919	98.64476195559578	34.79324212351628
20-9_Fasting_SC_left	38549288	3932027376	38281449	3743297949	142285786438	1966013688	1888779217	0	1966013688	1854518732	0	95.20020058476825	99.30520376926287	36.186367192271554
21-142_2_SCL_chow	873453	106561266	859216	95179620	3750967318	53280633	50654930	0	53280633	44524690	0	89.31915279610135	98.3700325031799	35.20010092597811
21-1_Chow_SC_left	73693043	7516690386	73063980	7164990580	272147423186	3758345193	3609549017	0	3758345193	3555441563	0	95.32108164711627	99.14637396640006	36.20575136271151
22-145_3_ICL_fast	38605462	4709866364	38103219	4144751363	164388644690	2354933182	2220501642	0	2354933182	1924249721	0	88.00146421734016	98.69903642132297	34.903038002629835
22-6_Chow_IC_right	47532489	4848313878	47218095	4601144195	175203714587	2424156939	2328805596	0	2424156939	2272338599	0	94.90194551715037	99.33857029872767	36.13704042182889
23-12_Fasting_Hyp_both	649149	66213198	609647	50194769	2095356164	33106599	30974084	0	33106599	19220685	0	75.80780043277777	93.91480230270707	31.64559675851935
23-145_2_ICL_chow	49781533	6073347026	49231141	5395458892	213493865253	3036673513	2895502858	0	3036673513	2499956034	0	88.83831055432925	98.89438519299918	35.15258791223896
24-10_Fasting_Hyp_both	57308405	5845457310	56779500	5564603417	211436280551	2922728655	2806949880	0	2922728655	2757653537	0	95.19534780419087	99.07709000102166	36.17104177448864
24-144_2_ICL_chow	77023467	9396862974	75815314	8257831454	327845154617	4698431487	4434527414	0	4698431487	3823304040	0	87.87859817524674	98.43144817150336	34.888787409597064
25-145_1_ICL_chow	60869908	7426128776	59956207	6760674376	262747793625	3713064388	3463951043	0	3713064388	3296723333	0	91.0390134608137	98.49892823889269	35.38152940118096
25-4_Chow_Hyp_both	44025501	4490601102	43664823	4261897044	162279507666	2245300551	2156756162	0	2245300551	2105140882	0	94.90705024104365	99.18075208275313	36.13759137807293
26-144_2_Hyp_chow	39545491	4824549902	38584894	4425151631	171327755247	2412274951	2246473074	0	2412274951	2178678557	0	91.72154337476267	97.57090637716446	35.51165574553943
26-17_Highfatdiet_Hyp_both	40306749	4111288398	39832991	3925423744	148984520887	2055644199	1973618069	0	2055644199	1951805675	0	95.47916283152462	98.82461867614279	36.23791533561008
27-143_2_HIPL_chow	25983631	3170002982	25683147	2917750730	112785549628	1585001491	1476760870	0	1585001491	1440989860	0	92.04252319532992	98.84356424242632	35.57900426858337
27-15_Highfatdiet_Hip_left	44950073	4584907446	44657171	4390134190	166365942890	2292453723	2202132114	0	2292453723	2188002076	0	95.7518606799811	99.34838370562824	36.285561889617256
28-143_2_SCL_chow	40607867	4954159774	39973095	4552233116	176083982017	2477079887	2310505637	0	2477079887	2241727479	0	91.88708728956709	98.4368250615084	35.54265305311891
28-14_Highfatdiet_Hyp_both	40384060	4119174120	40083579	3941969362	149434741192	2059587060	1978979782	0	2059587060	1962989580	0	95.69805128800915	99.25594157694893	36.27784037252594
29-142_3_ICL_chow	63024454	7688983388	61930146	7018089262	272334205802	3844491694	3586035124	0	3844491694	3432054138	0	91.274605599395	98.26367714347832	35.41875330710495
29-17_Highfatdiet_IC_right	43226575	4409110650	42797205	4208909745	159749197436	2204555325	2118991962	0	2204555325	2089917783	0	95.45938124732706	99.00669900402703	36.231614517544486
3-10_Fasting_Hip_right	36447984	3717694368	36135346	3558643595	134892457305	1858847184	1786123686	0	1858847184	1772519909	0	95.72178997905188	99.14223513706547	36.28390178226722
3-143_4_SCL_fast	64258369	7839521018	63531459	6993575302	275401409250	3919760509	3761589552	0	3919760509	3231985750	0	89.20921681238357	98.86876991851443	35.129877018973765
30-11_Fasting_Hyp_both	49220192	5020459584	48809552	4792435382	181879970255	2510229792	2410071974	0	2510229792	2382363408	0	95.45810103268825	99.16570825241803	36.22775309946604
30-142_2_ZIL_chow	61018108	7444209176	59906939	6813274775	264072375560	3722104588	3471180946	0	3722104588	3342093829	0	91.52449392429592	98.17895205796941	35.47352973521549
31-143_1_Hyp_chow	31379731	3828327182	30892907	3520305811	136158206318	1914163591	1789529504	0	1914163591	1730776307	0	91.9541523919833	98.44860365437805	35.5659795636558
31-6_Chow_SC_right	54166119	5524944138	53716527	5270697657	200148385635	2762472069	2654998765	0	2762472069	2615698892	0	95.39820720989162	99.16997560781492	36.22631842707692
32-144_3_HIPL_chow	25490319	3109818918	24990292	2863442814	110693855442	1554909459	1453940591	0	1554909459	1409502223	0	92.0774774835298	98.0383650749918	35.59495210518235
32-8_Fasting_IC_left	40396223	4120414746	39996186	3928014719	149202817843	2060207373	1979386185	0	2060207373	1948628534	0	95.33056648759018	99.00971682426845	36.21063097782633
33-142_5_HIPL_fast	1420912	173351264	1389197	154726590	6065940736	86675632	79638456	0	86675632	75088134	0	89.25610718361996	97.76798281666986	34.99219213077097
33-17_Highfatdiet_Hip_right	77592003	7914384306	77059450	7538796069	286503636234	3957192153	3797552562	0	3957192153	3741243507	0	95.25435937303092	99.31364962958877	36.200369498963774
34-143_3_ZIL_fast	88133211	10752251742	86926870	9861811352	382012389946	5376125871	5016647765	0	5376125871	4845163587	0	91.71856824629768	98.63122994576925	35.52859429935025
34-3_Chow_PFC_left	48607638	4957979076	48271871	4722346326	179473109484	2478989538	2381127438	0	2478989538	2341218888	0	95.2474032990453	99.30922996093742	36.19884366853669
35-11_Fasting_Hip_right	421569	43000038	399806	29925100	1297685491	21500019	20079097	0	21500019	9846003	0	69.59319431299107	94.83761851559294	30.178705679283354
35-145_2_ZIL_chow	38450221	4690926962	37712683	4306879972	166716643799	2345463481	2188624664	0	2345463481	2118255308	0	91.81298295387955	98.08183677279774	35.54023440346202
36-144_5_SCL_fast	11083068	1352134296	10787328	1244196055	48109136834	676067148	629375141	0	676067148	614820914	0	92.01719523576081	97.33160529196428	35.58014686582582
37-144_4_Hyp_fast	40666899	4961361678	40067663	4477692730	174576680868	2480680839	2312461673	0	2480680839	2165231057	0	90.25128625182242	98.52647727086347	35.187251443917006
37-9_Fasting_Hip_left	48165100	4912840200	47764482	4685854767	177937489534	2456420100	2359961292	0	2456420100	2325893475	0	95.37975135034922	99.16824007424464	36.21886368988757
38-12_Fasting_IC_right	41990033	4282983366	41576633	4082460644	155056648533	2141491683	2056279477	0	2141491683	2026181167	0	95.31815314549601	99.01548064989612	36.202953708366095
38-144_2_SCL_chow	59992515	7319086830	58930936	6698397956	259582351497	3659543415	3406674960	0	3659543415	3291722996	0	91.519585866151	98.23048091916134	35.46649432180599
39-142_5_ZIL_fast	47796561	5831180442	47117549	5283682678	205649877562	2915590221	2690188684	0	2915590221	2593493994	0	90.61085882274263	98.57937059530288	35.267280717429735
39-8_Fasting_Hip_left	43361086	4422830772	42992806	4218398035	160206972685	2211415386	2122259450	0	2211415386	2096138585	0	95.37778523442	99.15066702895771	36.2227227184988
4-144_4_ICL_fast	20155839	2459012358	19722833	2147102536	85437125032	1229506179	1162206576	0	1229506179	984895960	0	87.31564642262771	97.85170937314989	34.74448786483081
4-3_Chow_Hip_left	43219791	4408418682	42841624	4207310454	159717976449	2204209341	2115757022	0	2204209341	2091553432	0	95.43808693078213	99.12501427875947	36.230219489166025
40-143_4_Hyp_fast	45812898	5589173556	45183831	5057229523	196923494585	2794586778	2572359711	0	2794586778	2484869812	0	90.4825994814751	98.62687795912845	35.23302552907877
40-9_Fasting_Hyp_both	41019628	4184002056	40713262	3994616196	151609861950	2092001028	2008404952	0	2092001028	1986211244	0	95.47357153593138	99.25312340716498	36.2356088550641
41-11_Fasting_SC_right	43298649	4416462198	43008690	4193029046	159642602668	2208231099	2121198908	0	2208231099	2071830138	0	94.94090197123883	99.33032783540197	36.14716836935553
41-145_4_HIPL_fast	99057904	12085064288	97841923	11041829201	428548064723	6042532144	5634194557	0	6042532144	5407634644	0	91.36756692278509	98.77245434145266	35.46096690180884
42-145_5_SCL_fast	95909836	11700999992	94681535	10644645588	413897316587	5850499996	5439412500	0	5850499996	5205233088	0	90.97210148942627	98.71931696348642	35.3728157311326
42-15_Highfatdiet_SC_left	44506683	4539681666	44201062	4316023347	164179890602	2269840833	2180188056	0	2269840833	2135835291	0	95.07325985707122	99.31331436224983	36.16550733757991
43-142_4_ICL_fast	50918996	6212117512	49965146	5692338357	220510422745	3106058756	2895403452	0	3106058756	2796934905	0	91.63281837479832	98.12673054276247	35.49682090189668
43-7_Fasting_SC_left	41707114	4254125628	41367353	4059845407	154128719646	2127062814	2043285642	0	2127062814	2016559765	0	95.43313390367982	99.18536439610757	36.2304109289929
44-142_4_ZIL_fast	54657066	6668162052	51982691	6054947461	235376295285	3334081026	3113706269	0	3334081026	2941241192	0	90.80384390454222	95.10699129001911	35.29852655791455
44-2_Chow_SC_left	42993546	4385341692	42351486	4185999018	158900600270	2192670846	2107537133	0	2192670846	2078461885	0	95.45434112092902	98.50661306234197	36.234485572669485
45-144_3_ICL_chow	40807736	4978543792	40195435	4558674632	176681931616	2489271896	2314985123	0	2489271896	2243689509	0	91.56642629769199	98.49954675260592	35.488676809453686
45-2_Chow_Hyp_both	117352520	11969957040	116470546	11422110480	433632469680	5984978520	5745882690	0	5984978520	5676227790	0	95.42315349863611	99.24844051069375	36.22673567089093
46-145_1_HIPL_chow	129378449	15784170778	126808822	14507206319	561264778470	7892085389	7332273963	0	7892085389	7174932356	0	91.90984134066875	98.01386782739992	35.558711722271255
46-7_Fasting_Hip_left	57753729	5890880358	57123337	5621067650	213404904628	2945440179	2826392664	0	2945440179	2794674986	0	95.41982366636277	98.90848260204982	36.22631791158166
47-143_3_Hyp_fast	97030563	11837728686	95548415	10879239264	420861555501	5918864343	5509983976	0	5918864343	5369255288	0	91.903096891099	98.47249366161051	35.55255967293252
47-16_Highfatdiet_IC_right	42975760	4383527520	42598301	4177311027	158680194955	2191763760	2105146072	0	2191763760	2072164955	0	95.29564963242207	99.12169325219612	36.19920126679164
48-145_4_ICL_fast	13943873	1701152506	13596951	1553280648	60263942477	850576253	794556555	0	850576253	758724093	0	91.30754841329905	97.51201118943065	35.42536149137002
49-143_2_Hyp_chow	41745179	5092911838	41036927	4664614944	180697840875	2546455919	2372686162	0	2546455919	2291928782	0	91.59033363184639	98.30339211145794	35.48026092396693
49-5_Chow_SC_right	45761306	4667653212	45379182	4460497069	169198439935	2333826606	2242122497	0	2333826606	2218374572	0	95.56187802325535	99.16496264333016	36.24914539495142
5-145_4_ZIL_fast	33900693	4135884546	33225520	3638979862	144650091828	2067942273	1956482162	0	2067942273	1682497700	0	87.98552816275834	98.00837994668723	34.97440274726663
5-1_Chow_IC_left	24618568	2511093936	24273428	2387798803	90830536839	1255546968	1205807628	0	1255546968	1181991175	0	95.08998324465708	98.59805005717635	36.17170012512029
50-142_3_SCL_chow	71382758	8708696476	70513554	7884955686	307156393018	4354348238	4031892317	0	4354348238	3853063369	0	90.54117005604549	98.78233340325686	35.27007674047222
50-18_Highfatdiet_PFC_right	45557035	4646817570	45238610	4415803344	168023256477	2323408785	2231471315	0	2323408785	2184332029	0	95.02854970052117	99.3010409918029	36.15878048705063
51-142_2_ICL_chow	35995695	4391474790	35278516	4008073287	155490494532	2195737395	2042979134	0	2195737395	1965094153	0	91.26941354933749	98.00759785302104	35.40735219204116
51-7_Fasting_Hyp_both	39778816	4057439232	39345730	3883233329	147202031161	2028719616	1947402375	0	2028719616	1935830954	0	95.70650617201899	98.91126472944795	36.27954055357249
52-144_1_ICL_chow	62063911	7571797142	61120852	6916266829	268215047789	3785898571	3529028032	0	3785898571	3387238797	0	91.34247391066727	98.48050342815166	35.422904597012774
52-14_Highfatdiet_Hip_left	44690948	4558476696	44351400	4359943663	165326023597	2279238348	2191323582	0	2279238348	2168620081	0	95.64475051119138	99.2402309299861	36.26782248159156
53-145_4_Hyp_fast	88165420	10756181240	86891361	9858708634	381885967791	5378090620	5006135153	0	5378090620	4852573481	0	91.65621528705293	98.55492209984368	35.503861386311115
53-7_Fasting_PFC_left	44438705	4532747910	44049045	4325905873	164227359007	2266373955	2177550570	0	2266373955	2148355303	0	95.43671871661621	99.12315176601119	36.23130213014648
54-12_Fasting_PFC_right	42028478	4286904756	41707012	4067306151	154900950868	2143452378	2057460918	0	2143452378	2009845233	0	94.87745547197784	99.23512338467265	36.13351816393842
54-145_4_SCL_fast	116416479	14202810438	114962205	12856846190	501039103746	7101405219	6574424483	0	7101405219	6282421707	0	90.52325415539705	98.75080056320893	35.27746187511286
55-142_5_ICL_fast	72670648	8865819056	69393488	8179228400	315775124358	4432909528	4140368492	0	4432909528	4038859908	0	92.25575604844603	95.49039386575994	35.61714065710569
55-18_Highfatdiet_Hip_right	37014722	3775501644	36313181	3613265171	136958647652	1887750822	1814554556	0	1887750822	1798710615	0	95.70291610764295	98.10469736879288	36.27561594885111
56-145_5_ICL_fast	54943264	6703078208	53975981	5986714869	234681403855	3351539104	3115785463	0	3351539104	2870929406	0	89.31291987396128	98.23948755574477	35.01098996203149
56-5_Chow_Hip_right	135926361	13864488822	134932331	13213061369	502017441412	6932244411	6656510301	0	6932244411	6556551068	0	95.30146793463943	99.26869961596338	36.208867694812156
57-144_5_ZIL_fast	51371086	6267272492	50562539	5709472141	221782926339	3133636246	2909366734	0	3133636246	2800105407	0	91.09979099022713	98.42606597804843	35.387471443454835
57-15_Highfatdiet_IC_left	29977787	3057734274	29695359	2912323388	110667829360	1528867137	1467212515	0	1528867137	1445110873	0	95.2444891226673	99.05787575313681	36.192755629883095
58-145_2_SCL_chow	63097785	7697929770	61956655	6984663635	271803006345	3848964885	3556970203	0	3848964885	3427693432	0	90.73431225912574	98.19148960617238	35.308584835920115
58-8_Fasting_PFC_left	151088870	15411064740	149814781	14681432602	557821298484	7705532370	7392349555	0	7705532370	7289083047	0	95.26553064107107	99.15672875176047	36.196155677430504
59-13_Highfatdiet_Hyp_both	43575513	4444702326	43223016	4228865322	160787770299	2222351163	2135768829	0	2222351163	2093096493	0	95.14394917433667	99.19106632204192	36.175149313925054
59-143_5_HIPL_fast	26641771	3250296062	26242587	2988268791	115627003654	1625148031	1516914496	0	1625148031	1471354295	0	91.93835681421689	98.50166116959717	35.57429890951269
6-142_4_HIPL_fast	29349058	3580585076	28994826	3201677748	126135804335	1790292538	1702561986	0	1790292538	1499115762	0	89.41772587559096	98.79303792305701	35.22770766723712
6-4_Chow_PFC_right	56605640	5773775280	56150548	5508762060	209173645386	2886887640	2772470164	0	2886887640	2736291896	0	95.41005309094746	99.19603064288293	36.22822767463163
60-144_5_ICL_fast	16460550	2008187100	16225107	1839666422	71284772190	1004093550	932953234	0	1004093550	906713188	0	91.6083178703817	98.56965289738191	35.49707703530214
61-144_1_ZIL_chow	72783440	8879579680	71949630	8104233426	314461414411	4439789840	4123162481	0	4439789840	3981070945	0	91.26820996103724	98.85439599996923	35.41399770523823
61-14_Highfatdiet_IC_left	39837150	4063389300	39523805	3878261543	147202112631	2031694650	1950565389	0	2031694650	1927696154	0	95.4440063864912	99.21343519805006	36.22643605204158
62-142_3_Hyp_chow	55829555	6811205710	54898722	6145757542	239661513246	3405602855	3167062708	0	3405602855	2978694834	0	90.23009733764155	98.33272359057851	35.18635663787638
62-16_Highfatdiet_SC_right	38736191	3951091482	38368791	3768191537	143048780526	1975545741	1897387417	0	1975545741	1870804120	0	95.3709007793609	99.05153297080759	36.20487684926755
63-144_3_ZIL_chow	30637476	3737772072	30187140	3411283087	132375113895	1868886036	1744416312	0	1868886036	1666866775	0	91.26514461794609	98.53011390363879	35.415512595493546
63-8_Fasting_SC_left	44160174	4504337748	43776607	4296813275	163143347827	2252168874	2164091219	0	2252168874	2132722056	0	95.39278614060093	99.13141873037003	36.21916404901882
64-144_3_Hyp_chow	39808265	4856608330	39266938	4430916320	171981685723	2428304165	2252704247	0	2428304165	2178212073	0	91.23478812630542	98.64016429753973	35.411891187651115
64-6_Chow_PFC_right	28415839	2898415578	28191904	2761594608	104933543505	1449207789	1390990530	0	1449207789	1370604078	0	95.27945643687124	99.21193599105062	36.20376053091997
65-10_Fasting_PFC_right	45130648	4603326096	44749749	4396236648	166840842728	2301663048	2210600198	0	2301663048	2185636450	0	95.50130832182522	99.15600812999628	36.24354200606691
65-145_2_Hyp_chow	99722867	12166189774	98420083	11187029599	432708087443	6083094887	5667990476	0	6083094887	5519039123	0	91.95179268785915	98.6935955220782	35.566442368647536
66-145_3_ZIL_fast	57201695	6978606790	56216003	6416340965	248252807347	3489303395	3249580164	0	3489303395	3166760801	0	91.94300750966941	98.27681330072474	35.5734052393859
66-2_Chow_PFC_left	45082801	4598445702	44728123	4384710832	166545637062	2299222851	2205785941	0	2299222851	2178924891	0	95.35201927235892	99.21327425951196	36.21781094198076
67-144_4_SCL_fast	105326961	12849889242	103771998	11853056872	457814879958	6424944621	5980601768	0	6424944621	5872455104	0	92.24248278544034	98.52367999110882	35.62792420510733
67-17_Highfatdiet_SC_right	48616063	4958838426	48248283	4737056647	179741374663	2479419213	2379669335	0	2479419213	2357387312	0	95.52754576884051	99.24350106260147	36.2466689216141
68-143_1_ICL_chow	148497429	18116686338	146284922	16663146074	644366068960	9058343169	8415475645	0	9058343169	8247670429	0	91.97678738329107	98.51007050095123	35.56754568347487
68-4_Chow_SC_right	81544560	8317545120	80864764	7948762513	301529474790	4158772560	3991486828	0	4158772560	3957275685	0	95.56620851850576	99.16635027523601	36.25221990860688
69-145_3_HIPL_fast	132166469	16124309218	130257522	14867319325	574371246259	8062154609	7534281379	0	8062154609	7333037946	0	92.20437988377952	98.55564954224509	35.621448242744805
69-6_Chow_Hyp_both	33595120	3426702240	33284291	3270966807	124161863923	1713351120	1647168680	0	1713351120	1623798127	0	95.45523882460239	99.07477931318597	36.23363082839669
7-13_Highfatdiet_PFC_left	44901639	4579967178	44557599	4372161343	165961637285	2289983589	2200503856	0	2289983589	2171657487	0	95.46272217848632	99.23379188897759	36.236425029900076
7-143_2_ZIL_chow	46777662	5706874764	46308751	5079529007	200726605783	2853437382	2698811261	0	2853437382	2380717746	0	89.00719250127213	98.99757495361781	35.17277215354712
70-143_3_HIPL_fast	74735414	9117720508	73795868	8418741557	325020591410	4558860254	4249159344	0	4558860254	4169582213	0	92.33384100349745	98.74283696347759	35.647132539851704
70-3_Chow_IC_left	67443354	6879222108	66912100	6571882708	249315556909	3439611054	3302708001	0	3439611054	3269174707	0	95.53235242044899	99.21229599583674	36.24182400202857
71-144_4_ZIL_fast	52237160	6372933520	51596023	5858566356	226668625627	3186466760	2964264663	0	3186466760	2894301693	0	91.92887918278488	98.7726419277005	35.567392146121115
71-4_Chow_Hip_right	5562191	567343482	5448679	526305749	20204637899	283671741	268692362	0	283671741	257613387	0	92.76668644269364	97.95922146506655	35.612708244703164
72-143_4_HIPL_fast	72467541	8841040002	71524709	8085030958	313520599870	4420520001	4107996707	0	4420520001	3977034251	0	91.44886751073429	98.6989595797103	35.46195920379006
73-145_1_SCL_chow	27174411	3315278142	25814851	3020357088	117321279539	1657639071	1545911768	0	1657639071	1474445320	0	91.10418368028441	94.9969108806075	35.388065348937474
73-4_Chow_IC_right	40263402	4106867004	39491358	3897686750	148314792355	2053433502	1971699173	0	2053433502	1925987577	0	94.90657345864226	98.08251672325156	36.11385326345961
74-144_2_HIPL_chow	50258542	6131542124	49486159	5589828976	217027050448	3065771062	2851084371	0	3065771062	2738744605	0	91.16514023642382	98.46318064698335	35.3951821677153
74-18_Highfatdiet_IC_right	35583720	3629539440	35244398	3469128182	131585051599	1814769720	1741727292	0	1814769720	1727400890	0	95.5803963381095	99.04641223570779	36.25392526358661
75-143_4_ICL_fast	31398324	3830595528	30720508	3497781995	135730141083	1915297764	1785527502	0	1915297764	1712254493	0	91.31170256511614	97.84123509267565	35.43316961837167
75-2_Chow_Hip_left	53950799	5502981498	53193624	5240218304	199197678749	2751490749	2643127554	0	2751490749	2597090750	0	95.22507582306976	98.59654534495402	36.19813710465795
76-143_5_ZIL_fast	45143389	5507493458	44495805	4933326227	193005966618	2753746729	2566564581	0	2753746729	2366761646	0	89.57479958208604	98.56549538183764	35.044248003172115
76-15_Highfatdiet_PFC_left	47186463	4813019226	46847811	4594244144	174405536978	2406509613	2311140921	0	2406509613	2283103223	0	95.45451468761699	99.28231111537222	36.236202015537096
77-13_Highfatdiet_Hip_left	46346150	4727307300	45937709	4513452700	171320039926	2363653650	2271823114	0	2363653650	2241629586	0	95.47618577704901	99.11871644138725	36.24051263305857
77-142_4_Hyp_fast	112650787	13743396014	110883710	12644525654	488937074080	6871698007	6416938897	0	6871698007	6227586757	0	92.00437534594352	98.43136737251555	35.57614679675489
78-143_5_ICL_fast	47537612	5799588664	46579011	5270699282	204940209853	2899794332	2691828231	0	2899794332	2578871051	0	90.8805708018054	97.98348936837635	35.33702504198839
78-14_Highfatdiet_SC_left	45328348	4623491496	44704011	4405641552	167353976840	2311745748	2215447811	0	2311745748	2190193741	0	95.28819412367315	98.62263455972409	36.196449584645244
79-143_1_ZIL_chow	61402792	7491140624	60519912	6886834313	266411811544	3745570312	3494693100	0	3745570312	3392141213	0	91.9330534382984	98.56215007291526	35.563584361301935
79-14_Highfatdiet_PFC_left	40336088	4114280976	39968600	3924189783	149022417292	2057140488	1975594505	0	2057140488	1948595278	0	95.37972262689722	99.08893495075675	36.220768139390195
8-145_2_HIPL_chow	25320237	3089068914	23386894	2652085069	106600747623	1544534457	1454914951	0	1544534457	1197170118	0	85.85386544730223	92.36443560935074	34.509022165181776
8-16_Highfatdiet_Hip_right	24830709	2532732318	17508729	2420009565	91820393072	1266366159	1218128912	0	1266366159	1201880653	0	95.54936176243794	70.51240059234716	36.25349288570179
80-144_5_HIPL_fast	41946439	5117465558	41368233	4691963150	181712524650	2558732779	2386799782	0	2558732779	2305163368	0	91.68529024421429	98.62156117710016	35.50830437264664
80-16_Highfatdiet_PFC_right	82392555	8404040610	81720501	8026809829	304613639714	4202020305	4037714666	0	4202020305	3989095163	0	95.51131653800992	99.18432678777835	36.24609326037038
81-12_Fasting_Hip_right	88239346	9000413292	87470019	8580861421	325931032258	4500206646	4319769197	0	4500206646	4261092224	0	95.33852660551801	99.12813610381926	36.21289619530063
81-145_3_Hyp_fast	38446689	4690496058	37723642	4277067432	166058696932	2345248029	2176939635	0	2345248029	2100127797	0	91.18582297292701	98.11935170802354	35.40322705287731
82-145_5_HIPL_fast	32812731	4003153182	32153319	3658489150	141921849710	2001576591	1866470028	0	2001576591	1792019122	0	91.39018627741335	97.99037757631329	35.452515369170804
82-3_Chow_Hyp_both	84117462	8579981124	83387906	8169735782	310512355920	4289990562	4119814078	0	4289990562	4049921704	0	95.21857523844129	99.13269375626193	36.19033089145523
83-142_3_HIPL_chow	10138684	1236919448	9999657	1141501508	44082417168	618459724	577857010	0	618459724	563644498	0	92.2858404276622	98.62874708394106	35.63887465693724
83-9_Fasting_PFC_left	38224361	3898884822	37952001	3719177947	141219437057	1949442411	1872933441	0	1949442411	1846244506	0	95.39081344527084	99.28747010316275	36.220469058267554
84-144_1_SCL_chow	9906593	1208604346	9713448	1102612406	42787631717	604302173	559208570	0	604302173	543403836	0	91.23022018323935	98.05033879962566	35.40251353440028
85-143_3_ICL_fast	61110324	7455459528	60141101	6825485263	264523547437	3727729764	3470811211	0	3727729764	3354674052	0	91.55016182927363	98.41397829931321	35.480515512631456
85-1_Chow_Hyp_both	50486127	5149584954	50048688	4912722711	186550258674	2574792477	2472970531	0	2574792477	2439752180	0	95.40036245414275	99.13354613238603	36.226270726749526
86-13_Highfatdiet_IC_left	41391646	4221947892	40963001	4012644809	152631267114	2110973946	2026472092	0	2110973946	1986172717	0	95.04249961500946	98.96441663614924	36.15185952512935
86-145_5_ZIL_fast	104036553	12692459466	102234417	11539198473	448538130517	6346229733	5875111431	0	6346229733	5664087042	0	90.91380991927291	98.26778574641934	35.338945278377615
87-11_Fasting_PFC_right	40367873	4117523046	40037534	3917836768	148973075845	2058761523	1977341530	0	2058761523	1940495238	0	95.15033004626441	99.18167845999713	36.180265217876816
87-145_3_SCL_fast	45769388	5583865336	45083195	5023982023	196186430880	2791932668	2573596802	0	2791932668	2450385221	0	89.97319456487695	98.50075994024652	35.13452045756857
88-142_5_SCL_fast	28106677	3429014594	27567474	3109668108	121042165910	1714507297	1596830816	0	1714507297	1512837292	0	90.68693126711142	98.08158395956946	35.29940237693838
88-9_Fasting_IC_left	40984072	4180375344	40650497	3978539707	151226027196	2090187672	2007186164	0	2090187672	1971353543	0	95.17182979060264	99.18608624345575	36.17522704344034
89-143_1_SCL_chow	71909394	8772946068	42492461	8020008151	310985904926	4386473034	4081012582	0	4386473034	3938995569	0	91.4175020436248	59.09166888543101	35.44828641547737
89-5_Chow_Hyp_both	39127895	3991045290	24257013	3806052569	144535696770	1995522645	1916381720	0	1995522645	1889670849	0	95.36480526884725	61.99416809925502	36.21499789344661
9-143_1_HIPL_chow	4445446	542344412	4347585	483559219	19049612839	271172206	258341390	0	271172206	225217829	0	89.1609110927836	97.7986235801762	35.124567373619406
9-8_Fasting_Hyp_both	100041593	10204242486	99173378	9725345574	369464082219	5102121243	4900600066	0	5102121243	4824745508	0	95.30688424293096	99.13214596652814	36.20690930521268
90-145_1_ZIL_chow	35670011	4351741342	35051917	3903792194	152679014239	2175870671	2000605662	0	2175870671	1903186532	0	89.7064390367896	98.26718864762896	35.08457930747117
90-16_Highfatdiet_Hyp_both	43205201	4406930502	42769111	4184605541	159251024147	2203465251	2112703590	0	2203465251	2071901951	0	94.95510626048898	98.99065392613264	36.136495475643876
91-142_2_HIPL_chow	64006912	7808843264	62511305	7144408351	277034190809	3904421632	3636359176	0	3904421632	3508049175	0	91.4912504895168	97.66336641892676	35.47698185801364
91-6_Chow_Hip_right	46694183	4762806666	46101768	4534095099	172365708573	2381403333	2288806361	0	2381403333	2245288738	0	95.19796659745415	98.73128736399563	36.18994442992157
92-144_1_Hyp_chow	137837	16816114	3741	12159698	528172735	8408057	6228246	0	8408057	5931452	0	72.30979761435965	2.7140753208499895	31.408727069761778
92-3_Chow_SC_left	34781038	3547665876	34470231	3350101950	127898922650	1773832938	1704083836	0	1773832938	1646018114	0	94.43115747352302	99.10638952178483	36.05156943195741
93-10_Fasting_SC_right	21699	2213298	4258	1362853	64822562	1106649	706752	0	1106649	656101	0	61.575666719980774	19.623024102493204	29.28776965415412
93-142_5_Hyp_fast	63340039	7727484758	62473409	7047770377	273762774518	3863742379	3604092948	0	3863742379	3443677429	0	91.20393760341857	98.63178170761783	35.42715166595221
94-143_2_ICL_chow	45962146	5607381812	45282538	5130853445	198872059900	2803690906	2616572743	0	2803690906	2514280702	0	91.50176708173836	98.52137452415734	35.46611708773007
94-17_Highfatdiet_PFC_right	45591497	4650332694	45235043	4439712412	168516422207	2325166347	2234648568	0	2325166347	2205063844	0	95.47085561702394	99.2181568418339	36.23749810942021
95-144_3_SCL_chow	20970773	2558434306	20599877	2347090203	90885168722	1279217153	1196536497	0	1279217153	1150553706	0	91.73931875036388	98.23136705547287	35.52374532692027
95-18_Highfatdiet_SC_right	46992386	4793223372	46562714	4562023343	173428603399	2396611686	2303691569	0	2396611686	2258331774	0	95.1765229563351	99.08565613161247	36.182040756142754
undetermined	282957878	31125267836	0	23762173619	1001455181622							76.3436759619343	0.0	32.17499000807634
