Sample	total_reads	avg_input_read_length	uniquely_mapped	uniquely_mapped_percent	avg_mapped_read_length	num_splices	num_annotated_splices	num_GTAG_splices	num_GCAG_splices	num_ATAC_splices	num_noncanonical_splices	mismatch_rate	deletion_rate	deletion_length	insertion_rate	insertion_length	multimapped	multimapped_percent	multimapped_toomany	multimapped_toomany_percent	unmapped_mismatches_percent	unmapped_tooshort_percent	unmapped_other_percent	unmapped_mismatches	unmapped_tooshort	unmapped_other
10_Fasting_Hip_right_S3	36447984.0	102.0	33602427.0	92.19	101.72	3315827.0	3280080.0	3275792.0	26690.0	3835.0	9510.0	0.15	0.01	1.44	0.0	1.13	1328963.0	3.65	89462.0	0.25	0.0	3.0	0.91	0	1094986	332146
10_Fasting_Hyp_both_S24	57308405.0	102.0	50203875.0	87.6	101.69	5711106.0	5652951.0	5647369.0	46649.0	5930.0	11158.0	0.16	0.01	1.43	0.0	1.14	3016757.0	5.26	170209.0	0.3	0.0	5.96	0.88	0	3413550	504014
10_Fasting_IC_right_S2	43626068.0	102.0	39598963.0	90.77	101.69	3806448.0	3764367.0	3760883.0	31338.0	4406.0	9821.0	0.18	0.01	1.45	0.01	1.12	1658211.0	3.8	117025.0	0.27	0.0	4.19	0.97	0	1828553	423316
10_Fasting_PFC_right_S62	45130648.0	102.0	41952331.0	92.96	101.71	5241570.0	5195091.0	5184454.0	42126.0	6124.0	8866.0	0.16	0.01	1.43	0.0	1.13	1500548.0	3.32	112594.0	0.25	0.0	2.64	0.83	0	1190796	374379
10_Fasting_SC_right_S88	21699.0	102.0	6857.0	31.6	101.22	733.0	718.0	720.0	7.0	0.0	6.0	1.06	0.01	1.6	0.01	1.41	363.0	1.67	20.0	0.09	0.0	66.41	0.22	0	14411	48
11_Fasting_Hip_right_S35	421569.0	102.0	129800.0	30.79	101.65	13314.0	13182.0	13166.0	114.0	8.0	26.0	0.24	0.01	1.34	0.0	1.08	5971.0	1.42	353.0	0.08	0.0	67.41	0.3	0	284180	1265
11_Fasting_Hyp_both_S30	49220192.0	102.0	43223503.0	87.82	101.68	5753612.0	5700163.0	5692229.0	47007.0	6025.0	8351.0	0.17	0.01	1.47	0.01	1.14	2818176.0	5.73	140848.0	0.29	0.0	5.36	0.81	0	2638879	398786
11_Fasting_IC_right_S16	40036363.0	102.0	36214547.0	90.45	101.7	3832797.0	3794038.0	3790013.0	31846.0	4306.0	6632.0	0.16	0.01	1.45	0.0	1.13	1678912.0	4.19	112048.0	0.28	0.0	4.08	0.99	0	1634298	396558
11_Fasting_PFC_right_S82	40367873.0	102.0	36444498.0	90.28	101.71	4091113.0	4048878.0	4043399.0	33202.0	4607.0	9905.0	0.16	0.01	1.47	0.0	1.14	1678945.0	4.16	105280.0	0.26	0.0	4.4	0.9	0	1775898	363252
11_Fasting_SC_right_S40	43298649.0	102.0	39247304.0	90.64	101.69	4629410.0	4584855.0	4577846.0	39005.0	5088.0	7471.0	0.18	0.01	1.44	0.0	1.14	1905647.0	4.4	119079.0	0.28	0.0	3.81	0.87	0	1649876	376743
12_Fasting_Hip_right_S77	88239346.0	102.0	79779264.0	90.41	101.71	8781747.0	8699517.0	8685914.0	68962.0	9965.0	16906.0	0.16	0.01	1.44	0.0	1.13	3606624.0	4.09	216105.0	0.24	0.0	4.42	0.84	0	3896787	740566
12_Fasting_Hyp_both_S23	649149.0	102.0	286098.0	44.07	101.69	30410.0	30120.0	30089.0	229.0	33.0	59.0	0.17	0.01	1.39	0.0	1.12	13185.0	2.03	860.0	0.13	0.0	53.32	0.44	0	346150	2856
12_Fasting_IC_right_S37	41990033.0	102.0	37905548.0	90.27	101.67	4115665.0	4076066.0	4070000.0	34379.0	4719.0	6567.0	0.17	0.01	1.46	0.01	1.13	1700235.0	4.05	115135.0	0.27	0.0	4.52	0.89	0	1895823	373292
12_Fasting_PFC_right_S52	42028478.0	102.0	37651894.0	89.59	101.7	4955141.0	4911209.0	4901915.0	39894.0	5611.0	7721.0	0.18	0.01	1.45	0.0	1.14	2026026.0	4.82	112142.0	0.27	0.0	4.53	0.79	0	1906020	332396
12_Fasting_SC_right_S12	36424549.0	102.0	32355725.0	88.83	101.69	3573807.0	3536030.0	3532579.0	30094.0	3725.0	7409.0	0.16	0.01	1.43	0.0	1.13	1744636.0	4.79	105158.0	0.29	0.0	5.15	0.94	0	1876520	342510
13_Highfatdiet_Hip_left_S73	46346150.0	102.0	42644868.0	92.01	101.7	4642440.0	4600748.0	4592305.0	36382.0	5185.0	8568.0	0.16	0.01	1.43	0.0	1.14	1784496.0	3.85	113808.0	0.25	0.0	3.01	0.88	0	1395106	407872
13_Highfatdiet_Hyp_both_S57	43575513.0	102.0	39665533.0	91.03	101.7	4116537.0	4079596.0	4072432.0	31719.0	4785.0	7601.0	0.16	0.01	1.42	0.0	1.13	1722666.0	3.95	109219.0	0.25	0.0	3.9	0.87	0	1699071	379024
13_Highfatdiet_IC_left_S81	41391646.0	102.0	37455753.0	90.49	101.68	3973298.0	3931072.0	3925188.0	32714.0	4403.0	10993.0	0.17	0.01	1.46	0.0	1.13	1654491.0	4.0	111687.0	0.27	0.0	4.29	0.95	0	1776351	393364
13_Highfatdiet_PFC_left_S7	44901639.0	102.0	40634246.0	90.5	101.72	4604350.0	4554909.0	4548201.0	36412.0	5342.0	14395.0	0.15	0.01	1.45	0.0	1.14	2115468.0	4.71	124980.0	0.28	0.0	3.66	0.86	0	1641287	385658
13_Highfatdiet_SC_left_S10	22847978.0	102.0	20766641.0	90.89	101.7	2169017.0	2146350.0	2143976.0	18031.0	2366.0	4644.0	0.15	0.01	1.43	0.0	1.13	945629.0	4.14	62133.0	0.27	0.0	3.71	0.99	0	847439	226136
142_2_HIPL_chow_S67	64006912.0	122.0	55615746.0	86.89	121.56	8907871.0	8821250.0	8811792.0	70647.0	9570.0	15862.0	0.31	0.01	1.59	0.0	1.25	2680617.0	4.19	131317.0	0.21	0.0	8.16	0.56	0	5220933	358299
142_2_Hyp_chow_S19	30847045.0	122.0	6630434.0	21.49	120.13	1451933.0	1427287.0	1432415.0	12205.0	1379.0	5934.0	0.79	0.01	1.32	0.0	1.09	6128358.0	19.87	54090.0	0.18	0.0	58.4	0.06	0	18015654	18509
142_2_ICL_chow_S27	35995695.0	122.0	30490830.0	84.71	121.56	4216101.0	4170028.0	4167092.0	35686.0	4306.0	9017.0	0.27	0.01	1.62	0.0	1.26	1431790.0	3.98	78228.0	0.22	0.0	10.44	0.66	0	3757316	237531
142_2_SCL_chow_S21	873453.0	122.0	395937.0	45.33	120.91	90162.0	88934.0	89078.0	785.0	113.0	186.0	0.8	0.01	1.43	0.0	1.09	82145.0	9.4	841.0	0.1	0.0	45.13	0.04	0	394181	349
142_2_ZIL_chow_S6	61018108.0	122.0	52650701.0	86.29	121.64	9895714.0	9806396.0	9785798.0	83871.0	9933.0	16112.0	0.28	0.01	1.73	0.0	1.25	2799328.0	4.59	124060.0	0.2	0.0	8.44	0.48	0	5151067	292952
142_3_HIPL_chow_S59	10138684.0	122.0	9044837.0	89.21	121.65	1569058.0	1554448.0	1552031.0	12389.0	1698.0	2940.0	0.29	0.01	1.72	0.0	1.21	454577.0	4.48	19207.0	0.19	0.0	5.6	0.52	0	567378	52685
142_3_Hyp_chow_S38	55829555.0	122.0	44704314.0	80.07	121.59	9385283.0	9296531.0	9282228.0	77655.0	9551.0	15849.0	0.28	0.01	1.8	0.01	1.27	2947747.0	5.28	110715.0	0.2	0.0	14.06	0.39	0	7849060	217719
142_3_ICL_chow_S5	63024454.0	122.0	52976576.0	84.06	121.61	8577642.0	8486592.0	8480147.0	72130.0	8940.0	16425.0	0.28	0.01	1.67	0.0	1.3	2732843.0	4.34	136218.0	0.22	0.0	10.79	0.6	0	6800653	378164
142_3_SCL_chow_S26	71382758.0	122.0	60767796.0	85.13	121.6	9597883.0	9487091.0	9484190.0	82558.0	9560.0	21575.0	0.31	0.01	1.72	0.0	1.25	3241672.0	4.54	158210.0	0.22	0.0	9.51	0.59	0	6793605	421475
142_3_ZIL_chow_S20	48467869.0	122.0	14640166.0	30.21	118.7	2216765.0	2187459.0	2190614.0	17900.0	2369.0	5882.0	0.92	0.02	1.22	0.01	1.04	3459833.0	7.14	49241.0	0.1	0.0	62.49	0.07	0	30284705	33924
142_4_HIPL_fast_S6	29349058.0	122.0	12555649.0	42.78	120.74	3526283.0	3489038.0	3487347.0	28539.0	4308.0	6089.0	0.81	0.01	1.4	0.0	1.12	2673528.0	9.11	29368.0	0.1	0.0	47.98	0.03	0	14081708	8805
142_4_Hyp_fast_S53	112650787.0	122.0	96205250.0	85.4	121.61	21276768.0	21057509.0	21043740.0	181746.0	21039.0	30243.0	0.3	0.01	1.85	0.01	1.26	7383506.0	6.55	235826.0	0.21	0.0	7.5	0.34	0	8443436	382769
142_4_ICL_fast_S19	50918996.0	122.0	43293295.0	85.02	121.53	6589514.0	6507833.0	6512084.0	57315.0	6625.0	13490.0	0.29	0.01	1.61	0.0	1.3	2166781.0	4.26	117069.0	0.23	0.0	9.9	0.59	0	5041404	300447
142_4_SCL_fast_S16	28119829.0	122.0	8367183.0	29.76	119.74	1774448.0	1753914.0	1752763.0	15825.0	2059.0	3801.0	0.73	0.01	1.24	0.0	1.06	1958571.0	6.97	22421.0	0.08	0.0	63.16	0.04	0	17760406	11248
142_4_ZIL_fast_S20	54657066.0	122.0	43626292.0	79.82	121.35	7674532.0	7590517.0	7587531.0	65261.0	7425.0	14315.0	0.3	0.01	1.53	0.0	1.26	2647095.0	4.84	118942.0	0.22	0.0	14.67	0.46	0	8013463	251274
142_5_HIPL_fast_S9	1420912.0	122.0	1176553.0	82.8	121.6	178887.0	176902.0	176916.0	1394.0	186.0	391.0	0.3	0.01	1.72	0.0	1.2	55626.0	3.91	2612.0	0.18	0.0	12.57	0.53	0	178591	7530
142_5_Hyp_fast_S69	63340039.0	122.0	53544721.0	84.54	121.59	10139219.0	10033012.0	10024033.0	86434.0	9932.0	18820.0	0.33	0.01	1.8	0.01	1.25	3859233.0	6.09	130334.0	0.21	0.0	8.75	0.41	0	5545887	259864
142_5_ICL_fast_S31	72670648.0	122.0	63677664.0	87.63	121.64	11269744.0	11151555.0	11141549.0	98086.0	11125.0	18984.0	0.27	0.01	1.78	0.01	1.25	3261194.0	4.49	162076.0	0.22	0.0	7.12	0.55	0	5170321	399393
142_5_SCL_fast_S64	28106677.0	122.0	23449784.0	83.43	121.5	3409193.0	3367648.0	3366887.0	29663.0	3567.0	9076.0	0.31	0.01	1.62	0.0	1.24	1161906.0	4.13	58933.0	0.21	0.0	11.65	0.57	0	3275780	160274
142_5_ZIL_fast_S15	47796561.0	122.0	39344006.0	82.32	121.54	7987419.0	7910953.0	7898288.0	68195.0	7901.0	13035.0	0.29	0.01	1.69	0.0	1.28	2460517.0	5.15	95890.0	0.2	0.0	11.95	0.38	0	5714434	181714
143_1_HIPL_chow_S9	4445446.0	122.0	1247832.0	28.07	120.14	320446.0	316741.0	316625.0	2571.0	384.0	866.0	0.8	0.01	1.31	0.0	1.07	248579.0	5.59	2712.0	0.06	0.0	66.24	0.03	0	2944989	1334
143_1_Hyp_chow_S7	31379731.0	122.0	26940251.0	85.85	121.61	5379224.0	5329165.0	5321843.0	44221.0	5353.0	7807.0	0.3	0.01	1.75	0.01	1.27	1771052.0	5.64	64339.0	0.21	0.0	7.86	0.44	0	2466041	138048
143_1_ICL_chow_S44	148497429.0	122.0	130508057.0	87.89	121.63	20929588.0	20707415.0	20690086.0	178521.0	21060.0	39921.0	0.29	0.01	1.79	0.01	1.23	6500405.0	4.38	327161.0	0.22	0.0	6.9	0.62	0	10241551	920255
143_1_SCL_chow_S65	71909394.0	122.0	62694174.0	87.18	121.62	9327318.0	9224045.0	9216927.0	79726.0	9547.0	21118.0	0.28	0.01	1.7	0.0	1.23	2993427.0	4.16	152228.0	0.21	0.0	7.81	0.63	0	5616505	453060
143_1_ZIL_chow_S55	61402792.0	122.0	53646931.0	87.37	121.63	11548584.0	11448483.0	11423221.0	96054.0	11614.0	17695.0	0.29	0.01	1.75	0.0	1.24	3247464.0	5.29	118062.0	0.19	0.0	6.79	0.36	0	4169283	221052
143_2_HIPL_chow_S3	25983631.0	122.0	22631686.0	87.1	121.64	3592001.0	3556949.0	3552131.0	28662.0	3782.0	7426.0	0.27	0.01	1.71	0.0	1.22	1201256.0	4.62	49565.0	0.19	0.0	7.54	0.55	0	1958279	142845
143_2_Hyp_chow_S25	41745179.0	122.0	35279949.0	84.51	121.58	6809635.0	6742693.0	6734283.0	56470.0	6955.0	11927.0	0.29	0.01	1.81	0.01	1.25	2365813.0	5.67	86203.0	0.21	0.0	9.16	0.45	0	3825290	187924
143_2_ICL_chow_S70	45962146.0	122.0	38864410.0	84.56	121.63	8366462.0	8290638.0	8275201.0	69926.0	8101.0	13234.0	0.28	0.01	1.85	0.01	1.23	2673115.0	5.82	90503.0	0.2	0.0	9.06	0.37	0	4164062	170056
143_2_SCL_chow_S4	40607867.0	122.0	35559957.0	87.57	121.66	5520240.0	5463976.0	5458175.0	46230.0	5882.0	9953.0	0.27	0.01	1.75	0.01	1.25	1672713.0	4.12	86142.0	0.21	0.0	7.46	0.64	0	3029179	259876
143_2_ZIL_chow_S7	46777662.0	122.0	21286180.0	45.51	120.31	5140633.0	5073884.0	5076373.0	41227.0	6044.0	16989.0	0.86	0.01	1.3	0.0	1.08	4442996.0	9.5	47184.0	0.1	0.0	44.85	0.04	0	20982588	18714
143_3_HIPL_fast_S46	74735414.0	122.0	67699652.0	90.59	121.66	9065968.0	8960549.0	8963375.0	73617.0	9724.0	19252.0	0.27	0.01	1.61	0.0	1.22	2490687.0	3.33	156146.0	0.21	0.0	5.2	0.67	0	3887978	500951
143_3_Hyp_fast_S23	97030563.0	122.0	84962257.0	87.56	121.64	12782393.0	12630527.0	12635493.0	108240.0	12526.0	26134.0	0.29	0.01	1.75	0.01	1.22	4149588.0	4.28	223026.0	0.23	0.0	7.29	0.64	0	7074602	621090
143_3_ICL_fast_S61	61110324.0	122.0	50135359.0	82.04	121.35	8758887.0	8656867.0	8655896.0	76917.0	8454.0	17620.0	0.32	0.01	1.54	0.0	1.25	3405634.0	5.57	134914.0	0.22	0.0	11.69	0.47	0	7147067	287350
143_3_SCL_fast_S13	66168963.0	122.0	26416169.0	39.92	118.6	2989041.0	2949345.0	2951882.0	26116.0	3184.0	7859.0	1.05	0.03	1.21	0.01	1.03	5068957.0	7.66	69823.0	0.11	0.0	52.25	0.06	0	34574311	39703
143_3_ZIL_fast_S10	88133211.0	122.0	77318627.0	87.73	121.63	13115650.0	12973470.0	12963061.0	113889.0	13310.0	25390.0	0.3	0.01	1.7	0.0	1.24	3830874.0	4.35	193417.0	0.22	0.0	7.15	0.55	0	6305272	485021
143_4_HIPL_fast_S48	72467541.0	122.0	62065490.0	85.65	121.49	8752002.0	8651017.0	8650940.0	71185.0	9393.0	20484.0	0.31	0.01	1.54	0.0	1.25	2879944.0	3.97	146677.0	0.2	0.0	9.58	0.6	0	6940729	434701
143_4_Hyp_fast_S16	45812898.0	122.0	37417303.0	81.67	121.6	7302212.0	7223157.0	7220842.0	62196.0	7159.0	12015.0	0.29	0.01	1.82	0.01	1.29	2598883.0	5.67	96313.0	0.21	0.0	12.03	0.41	0	5512524	187875
143_4_ICL_fast_S51	31398324.0	122.0	26228344.0	83.53	121.58	5674543.0	5615918.0	5610445.0	49772.0	5676.0	8650.0	0.31	0.01	1.78	0.01	1.31	1992070.0	6.34	65683.0	0.21	0.0	9.55	0.36	0	2999169	113058
143_4_SCL_fast_S3	64258369.0	122.0	14177589.0	22.06	120.81	3240598.0	3190007.0	3201715.0	28054.0	3493.0	7336.0	0.7	0.01	1.39	0.0	1.13	6662149.0	10.37	55534.0	0.09	0.0	67.41	0.07	0	43318115	44982
143_4_ZIL_fast_S18	43691686.0	122.0	16622853.0	38.05	119.33	2877249.0	2841525.0	2842066.0	23667.0	3336.0	8180.0	0.85	0.02	1.24	0.01	1.06	3975289.0	9.1	46977.0	0.11	0.0	52.69	0.06	0	23020353	26214
143_5_HIPL_fast_S35	26641771.0	122.0	23989275.0	90.04	121.65	3576048.0	3539255.0	3535555.0	28940.0	3809.0	7744.0	0.3	0.01	1.66	0.0	1.23	991186.0	3.72	53563.0	0.2	0.0	5.45	0.59	0	1450699	157048
143_5_Hyp_fast_S12	17175470.0	122.0	8160739.0	47.51	120.3	1930874.0	1904030.0	1905798.0	16242.0	1883.0	6951.0	0.7	0.01	1.3	0.0	1.08	3137355.0	18.27	27505.0	0.16	0.0	34.0	0.06	0	5839566	10305
143_5_ICL_fast_S54	47537612.0	122.0	39493840.0	83.08	121.56	7742480.0	7664230.0	7653118.0	68112.0	7962.0	13288.0	0.3	0.01	1.78	0.01	1.28	2420887.0	5.09	99992.0	0.21	0.0	11.18	0.44	0	5313765	209128
143_5_SCL_fast_S14	93149523.0	122.0	24181790.0	25.96	120.92	7444771.0	7373100.0	7358245.0	64131.0	8310.0	14085.0	0.72	0.01	1.47	0.0	1.15	6188642.0	6.64	76630.0	0.08	0.0	67.29	0.02	0	62683830	18631
143_5_ZIL_fast_S52	45143389.0	122.0	35551187.0	78.75	121.54	7665942.0	7596012.0	7580473.0	66087.0	7743.0	11639.0	0.29	0.01	1.76	0.0	1.27	2371288.0	5.25	87760.0	0.19	0.0	15.45	0.35	0	6975141	158013
144_1_HIPL_chow_S1	26591833.0	122.0	8124758.0	30.55	119.49	1683370.0	1663355.0	1664434.0	13330.0	1795.0	3811.0	0.79	0.02	1.25	0.01	1.06	2141200.0	8.05	20657.0	0.08	0.0	61.27	0.05	0	16291923	13295
144_1_Hyp_chow_S68	137837.0	122.0	79723.0	57.84	121.14	14804.0	14651.0	14613.0	144.0	11.0	36.0	1.01	0.01	1.84	0.0	1.35	5157.0	3.74	188.0	0.14	0.0	38.05	0.24	0	52438	331
144_1_ICL_chow_S28	62063911.0	122.0	51638127.0	83.2	121.49	7594302.0	7510969.0	7508073.0	64071.0	7861.0	14297.0	0.28	0.01	1.58	0.0	1.26	2731219.0	4.4	138894.0	0.22	0.0	11.53	0.65	0	7152454	403217
144_1_SCL_chow_S60	9906593.0	122.0	8117409.0	81.94	121.35	1195973.0	1182707.0	1181905.0	10121.0	1262.0	2685.0	0.31	0.01	1.49	0.0	1.23	425976.0	4.3	22553.0	0.23	0.0	12.94	0.59	0	1282193	58462
144_1_ZIL_chow_S37	72783440.0	122.0	61658113.0	84.71	121.58	12855557.0	12734793.0	12708173.0	108235.0	12955.0	26194.0	0.28	0.01	1.78	0.0	1.24	3581306.0	4.92	147701.0	0.2	0.0	9.75	0.41	0	7097846	298474
144_2_HIPL_chow_S50	50258542.0	122.0	43039276.0	85.64	121.58	6854761.0	6791666.0	6780383.0	55010.0	7574.0	11794.0	0.28	0.01	1.57	0.0	1.23	2048028.0	4.07	94931.0	0.19	0.0	9.55	0.55	0	4799874	276433
144_2_Hyp_chow_S2	39545491.0	122.0	32853493.0	83.08	121.59	6691867.0	6629884.0	6619318.0	55782.0	6831.0	9936.0	0.28	0.01	1.82	0.01	1.26	2536627.0	6.41	78571.0	0.2	0.0	9.92	0.39	0	3922585	154215
144_2_ICL_chow_S24	77023467.0	122.0	25174821.0	32.68	120.64	5115728.0	5040975.0	5054553.0	42669.0	5137.0	13369.0	0.65	0.01	1.34	0.0	1.09	12370617.0	16.06	92917.0	0.12	0.0	51.07	0.06	0	39338894	46218
144_2_SCL_chow_S14	59992515.0	122.0	49992947.0	83.33	121.43	7874124.0	7795890.0	7785910.0	65606.0	7918.0	14690.0	0.3	0.01	1.57	0.0	1.25	2658961.0	4.43	131191.0	0.22	0.0	11.43	0.59	0	6855543	353873
144_2_ZIL_chow_S11	12355717.0	122.0	3076673.0	24.9	120.79	838338.0	825045.0	828509.0	6439.0	943.0	2447.0	0.75	0.01	1.49	0.0	1.12	1523810.0	12.33	9752.0	0.08	0.0	62.65	0.03	0	7741775	3707
144_3_HIPL_chow_S8	25490319.0	122.0	22660076.0	88.9	121.65	3458297.0	3424824.0	3421326.0	26590.0	3493.0	6888.0	0.29	0.01	1.69	0.0	1.22	1069988.0	4.2	50235.0	0.2	0.0	6.13	0.58	0	1562209	147811
144_3_Hyp_chow_S40	39808265.0	122.0	33599434.0	84.4	121.62	6438390.0	6375459.0	6367282.0	53682.0	6356.0	11070.0	0.3	0.01	1.82	0.01	1.28	2156932.0	5.42	84575.0	0.21	0.0	9.5	0.46	0	3784094	183230
144_3_ICL_chow_S21	40807736.0	122.0	35844479.0	87.84	121.62	5023546.0	4966271.0	4965335.0	41799.0	5143.0	11269.0	0.3	0.01	1.73	0.01	1.23	1555289.0	3.81	90832.0	0.22	0.0	7.46	0.67	0	3043768	273368
144_3_SCL_chow_S71	20970773.0	122.0	18212870.0	86.85	121.63	3646134.0	3611636.0	3605597.0	30612.0	3726.0	6199.0	0.3	0.01	1.87	0.01	1.23	1062592.0	5.07	42543.0	0.2	0.0	7.46	0.42	0	1564676	88092
144_3_ZIL_chow_S39	30637476.0	122.0	26308172.0	85.87	121.62	4557568.0	4511950.0	4504249.0	37491.0	4681.0	11147.0	0.29	0.01	1.76	0.0	1.25	1306414.0	4.26	60004.0	0.2	0.0	9.15	0.52	0	2803558	159328
144_4_HIPL_fast_S15	44623222.0	122.0	17273784.0	38.71	121.07	5029004.0	4977831.0	4972555.0	41447.0	5837.0	9165.0	0.62	0.01	1.45	0.0	1.13	4029170.0	9.03	40606.0	0.09	0.0	52.13	0.04	0	23261813	17849
144_4_Hyp_fast_S13	40666899.0	122.0	30259309.0	74.41	121.11	5968633.0	5904624.0	5901920.0	50932.0	5844.0	9937.0	0.37	0.01	1.56	0.01	1.26	2674397.0	6.58	83811.0	0.21	0.0	18.51	0.3	0	7527382	122000
144_4_ICL_fast_S4	20155839.0	122.0	6626553.0	32.88	120.85	1847530.0	1826437.0	1827800.0	15243.0	1822.0	2665.0	0.61	0.01	1.38	0.0	1.13	1506951.0	7.48	15148.0	0.08	0.0	59.54	0.03	0	12001140	6047
144_4_SCL_fast_S43	105326961.0	122.0	93659044.0	88.92	121.63	14408612.0	14245661.0	14239522.0	125447.0	14695.0	28948.0	0.28	0.01	1.75	0.0	1.26	4256982.0	4.04	235911.0	0.22	0.0	6.17	0.64	0	6500719	674305
144_4_ZIL_fast_S47	52237160.0	122.0	47025375.0	90.02	121.64	7701971.0	7621165.0	7613873.0	65610.0	7752.0	14736.0	0.3	0.01	1.76	0.01	1.23	1967309.0	3.77	107663.0	0.21	0.0	5.45	0.56	0	2844531	292282
144_5_HIPL_fast_S56	41946439.0	122.0	36570110.0	87.18	121.64	6296876.0	6231675.0	6226142.0	52191.0	6517.0	12026.0	0.29	0.01	1.76	0.0	1.22	1958140.0	4.67	74889.0	0.18	0.0	7.49	0.49	0	3138010	205290
144_5_Hyp_fast_S10	48877298.0	122.0	6677343.0	13.66	120.71	1353702.0	1327814.0	1335447.0	11330.0	1335.0	5590.0	0.66	0.01	1.51	0.0	1.18	8828714.0	18.06	81616.0	0.17	0.0	68.06	0.05	0	33265187	24438
144_5_ICL_fast_S36	16460550.0	122.0	14472636.0	87.92	121.64	2360139.0	2333393.0	2332253.0	20423.0	2397.0	5066.0	0.29	0.01	1.77	0.01	1.22	714542.0	4.34	35279.0	0.21	0.0	6.96	0.56	0	1145895	92198
144_5_SCL_fast_S12	11083068.0	122.0	9791967.0	88.35	121.58	1431305.0	1414716.0	1413988.0	12500.0	1383.0	3434.0	0.29	0.01	1.75	0.01	1.24	422630.0	3.81	24260.0	0.22	0.0	6.98	0.64	0	773306	70905
144_5_ZIL_fast_S33	51371086.0	122.0	44674521.0	86.96	121.63	6428015.0	6349297.0	6347742.0	52953.0	6636.0	20684.0	0.29	0.01	1.75	0.0	1.23	2003611.0	3.9	96843.0	0.19	0.0	8.36	0.59	0	4293127	302984
145_1_HIPL_chow_S22	129378449.0	122.0	114210477.0	88.28	121.64	16549160.0	16369365.0	16356165.0	138374.0	16644.0	37977.0	0.28	0.01	1.72	0.0	1.22	5059990.0	3.91	283104.0	0.22	0.0	6.92	0.67	0	8957596	867282
145_1_Hyp_chow_S2	24239261.0	122.0	1350586.0	5.57	118.94	289397.0	285162.0	285823.0	2454.0	276.0	844.0	0.74	0.02	1.31	0.01	1.11	1426976.0	5.89	14289.0	0.06	0.0	88.47	0.01	0	21444986	2424
145_1_ICL_chow_S1	60869908.0	122.0	51059402.0	83.88	121.54	9126284.0	9035668.0	9024997.0	77356.0	9019.0	14912.0	0.32	0.01	1.74	0.01	1.26	3213815.0	5.28	132978.0	0.22	0.0	10.12	0.5	0	6159395	304318
145_1_SCL_chow_S49	27174411.0	122.0	23420277.0	86.19	121.56	3558889.0	3520807.0	3517779.0	30090.0	3710.0	7310.0	0.31	0.01	1.66	0.0	1.23	1126061.0	4.14	57591.0	0.21	0.0	8.86	0.6	0	2407449	163033
145_1_ZIL_chow_S66	35670011.0	122.0	28658111.0	80.34	121.43	5395841.0	5343468.0	5335048.0	44850.0	5319.0	10624.0	0.33	0.01	1.62	0.0	1.24	1773368.0	4.97	70359.0	0.2	0.0	14.08	0.41	0	5021938	146235
145_2_HIPL_chow_S8	25320237.0	122.0	10413017.0	41.13	121.09	2779814.0	2747457.0	2747118.0	22355.0	3038.0	7303.0	0.57	0.0	1.49	0.0	1.12	4115986.0	16.26	31694.0	0.13	0.0	42.37	0.13	0	10726628	32912
145_2_Hyp_chow_S41	99722867.0	122.0	87910740.0	88.16	121.65	13296585.0	13160047.0	13149975.0	110385.0	13343.0	22882.0	0.29	0.01	1.72	0.01	1.25	4273367.0	4.29	214859.0	0.22	0.0	6.71	0.63	0	6695283	628618
145_2_ICL_chow_S23	49781533.0	122.0	19395733.0	38.96	120.92	4570111.0	4501057.0	4516380.0	37394.0	4728.0	11609.0	0.74	0.01	1.45	0.0	1.11	11022241.0	22.14	107023.0	0.21	0.0	38.61	0.07	0	19221687	34849
145_2_SCL_chow_S34	63097785.0	122.0	55271340.0	87.6	121.64	7623185.0	7543253.0	7537418.0	63153.0	7789.0	14825.0	0.3	0.01	1.74	0.01	1.21	1995526.0	3.16	133709.0	0.21	0.0	8.35	0.67	0	5274025	423185
145_2_ZIL_chow_S11	38450221.0	122.0	33251889.0	86.48	121.59	5917523.0	5858899.0	5850493.0	49073.0	5861.0	12096.0	0.3	0.01	1.72	0.0	1.23	1910169.0	4.97	78810.0	0.2	0.0	7.86	0.49	0	3021020	188333
145_3_HIPL_fast_S45	132166469.0	122.0	118810635.0	89.89	121.65	18337403.0	18141944.0	18136463.0	145081.0	18340.0	37519.0	0.29	0.01	1.71	0.0	1.21	4924938.0	3.73	259604.0	0.2	0.0	5.61	0.58	0	7405646	765646
145_3_Hyp_fast_S57	38446689.0	122.0	32929282.0	85.65	121.61	5193046.0	5134534.0	5134456.0	44350.0	5272.0	8968.0	0.3	0.01	1.76	0.01	1.25	1856060.0	4.83	81333.0	0.21	0.0	8.75	0.57	0	3361065	218949
145_3_ICL_fast_S22	38605462.0	122.0	15509625.0	40.17	120.93	3683269.0	3632046.0	3639325.0	30998.0	3849.0	9097.0	0.76	0.01	1.45	0.0	1.12	3568016.0	9.24	31427.0	0.08	0.0	50.46	0.04	0	19480951	15443
145_3_SCL_fast_S63	45769388.0	122.0	38664299.0	84.48	121.58	5531265.0	5466148.0	5465480.0	48463.0	5762.0	11560.0	0.31	0.01	1.69	0.0	1.23	1814462.0	3.96	96962.0	0.21	0.0	10.75	0.6	0	4919110	274555
145_3_ZIL_fast_S42	57201695.0	122.0	50749875.0	88.72	121.64	8083516.0	7993777.0	7989491.0	68539.0	8020.0	17466.0	0.29	0.01	1.75	0.0	1.25	2386135.0	4.17	123558.0	0.22	0.0	6.31	0.58	0	3610279	331848
145_4_HIPL_fast_S17	99057904.0	122.0	87106171.0	87.93	121.63	12538312.0	12398739.0	12392601.0	100431.0	13535.0	31745.0	0.31	0.01	1.68	0.0	1.24	3773491.0	3.81	199339.0	0.2	0.0	7.47	0.59	0	7394839	584064
145_4_Hyp_fast_S29	88165420.0	122.0	74987725.0	85.05	121.6	15864387.0	15707540.0	15689764.0	134941.0	15868.0	23814.0	0.3	0.01	1.85	0.01	1.29	5204581.0	5.9	182919.0	0.21	0.0	8.44	0.39	0	7446121	344074
145_4_ICL_fast_S24	13943873.0	122.0	11447827.0	82.1	121.31	1561165.0	1543510.0	1542459.0	13423.0	1678.0	3605.0	0.33	0.01	1.51	0.0	1.24	549073.0	3.94	29696.0	0.21	0.0	13.12	0.63	0	1829431	87846
145_4_SCL_fast_S30	116416479.0	122.0	101052419.0	86.8	121.62	14905342.0	14739090.0	14733144.0	128675.0	15573.0	27950.0	0.32	0.01	1.69	0.0	1.28	4424874.0	3.8	260967.0	0.22	0.0	8.52	0.65	0	9921311	756908
145_4_ZIL_fast_S5	33900693.0	122.0	7154129.0	21.1	120.66	2214792.0	2181337.0	2186527.0	17501.0	2101.0	8663.0	0.64	0.01	1.48	0.0	1.14	5333314.0	15.73	48151.0	0.14	0.0	62.98	0.04	0	21351538	13561
145_5_HIPL_fast_S58	32812731.0	122.0	28840826.0	87.9	121.63	4497349.0	4452718.0	4447584.0	36439.0	4894.0	8432.0	0.29	0.01	1.69	0.0	1.21	1272672.0	3.88	62322.0	0.19	0.0	7.48	0.56	0	2453246	183665
145_5_Hyp_fast_S17	77121990.0	122.0	9356354.0	12.13	120.75	2681405.0	2636706.0	2647365.0	22710.0	2492.0	8838.0	0.71	0.01	1.57	0.0	1.2	11842605.0	15.36	109677.0	0.14	0.0	72.35	0.02	0	55797930	15424
145_5_ICL_fast_S32	54943264.0	122.0	44847549.0	81.63	121.64	6143713.0	6073120.0	6072071.0	52587.0	6124.0	12931.0	0.3	0.01	1.75	0.0	1.25	1767240.0	3.22	114785.0	0.21	0.0	14.29	0.66	0	7851079	362611
145_5_SCL_fast_S18	95909836.0	122.0	82642424.0	86.17	121.57	11315478.0	11181058.0	11182216.0	95732.0	11715.0	25815.0	0.31	0.01	1.61	0.0	1.27	3437364.0	3.58	210522.0	0.22	0.0	9.38	0.65	0	8996127	623399
145_5_ZIL_fast_S62	104036553.0	122.0	88166169.0	84.75	121.56	18099954.0	17918357.0	17889085.0	155193.0	18640.0	37036.0	0.31	0.01	1.75	0.0	1.27	5552314.0	5.34	202492.0	0.19	0.0	9.35	0.37	0	9730520	385058
14_Highfatdiet_Hip_left_S50	44690948.0	102.0	40716980.0	91.11	101.71	4255325.0	4215525.0	4209291.0	32705.0	4737.0	8592.0	0.15	0.01	1.42	0.0	1.13	1859103.0	4.16	116182.0	0.26	0.0	3.59	0.88	0	1605206	393477
14_Highfatdiet_Hyp_both_S28	40384060.0	102.0	36436987.0	90.23	101.7	4253841.0	4214946.0	4208357.0	34386.0	4366.0	6732.0	0.16	0.01	1.43	0.0	1.13	1994922.0	4.94	115581.0	0.29	0.0	3.66	0.89	0	1477329	359241
14_Highfatdiet_IC_left_S58	39837150.0	102.0	35645784.0	89.48	101.69	3919518.0	3882504.0	3876303.0	31737.0	4217.0	7261.0	0.17	0.01	1.45	0.0	1.12	1746500.0	4.38	106100.0	0.27	0.0	5.01	0.86	0	1996119	342647
14_Highfatdiet_PFC_left_S75	40336088.0	102.0	36522849.0	90.55	101.71	4035105.0	3996545.0	3990082.0	32073.0	4562.0	8388.0	0.16	0.01	1.43	0.0	1.14	1715550.0	4.25	107419.0	0.27	0.0	4.08	0.86	0	1643786	346484
14_Highfatdiet_SC_left_S74	45328348.0	102.0	40124123.0	88.52	101.69	4931694.0	4885020.0	4877657.0	40093.0	5224.0	8720.0	0.17	0.01	1.44	0.0	1.13	2314821.0	5.11	123804.0	0.27	0.0	5.26	0.84	0	2384763	380837
15_Highfatdiet_Hip_left_S27	44950073.0	102.0	40806295.0	90.78	101.71	4288021.0	4247467.0	4240726.0	33299.0	4900.0	9096.0	0.15	0.01	1.43	0.0	1.14	1903223.0	4.23	115868.0	0.26	0.0	3.8	0.93	0	1706937	417750
15_Highfatdiet_Hyp_both_S18	47384219.0	102.0	41654560.0	87.91	101.68	5104646.0	5057571.0	5050293.0	40548.0	5360.0	8445.0	0.17	0.01	1.45	0.01	1.14	2701820.0	5.7	136854.0	0.29	0.0	5.26	0.84	0	2492882	398103
15_Highfatdiet_IC_left_S55	29977787.0	102.0	27056365.0	90.25	101.68	3121382.0	3092208.0	3086722.0	25474.0	3656.0	5530.0	0.17	0.01	1.46	0.01	1.12	1290353.0	4.3	81595.0	0.27	0.0	4.3	0.87	0	1288731	260743
15_Highfatdiet_PFC_left_S72	47186463.0	102.0	42285861.0	89.61	101.72	5756798.0	5708842.0	5695782.0	45748.0	6743.0	8525.0	0.15	0.01	1.45	0.0	1.14	2307852.0	4.89	125081.0	0.27	0.0	4.46	0.77	0	2104360	363309
15_Highfatdiet_SC_left_S41	44506683.0	102.0	39867876.0	89.58	101.68	4842007.0	4795290.0	4788066.0	40102.0	5158.0	8681.0	0.18	0.01	1.46	0.0	1.13	2189854.0	4.92	128016.0	0.29	0.0	4.34	0.88	0	1929668	391269
16_Highfatdiet_Hip_right_S8	24830709.0	102.0	22681152.0	91.34	101.71	2582011.0	2558657.0	2553623.0	20268.0	3028.0	5092.0	0.15	0.01	1.43	0.0	1.14	1021206.0	4.11	59036.0	0.24	0.0	3.49	0.81	0	867886	201429
16_Highfatdiet_Hyp_both_S85	43205201.0	102.0	36208079.0	83.8	101.66	4630176.0	4587563.0	4580859.0	36948.0	4597.0	7772.0	0.19	0.01	1.49	0.01	1.13	2831448.0	6.55	137180.0	0.32	0.0	8.51	0.81	0	3678378	350116
16_Highfatdiet_IC_right_S46	42975760.0	102.0	38663393.0	89.97	101.69	4775124.0	4732372.0	4724338.0	38528.0	5046.0	7212.0	0.17	0.01	1.44	0.0	1.13	2043255.0	4.75	117281.0	0.27	0.0	4.15	0.85	0	1786020	365811
16_Highfatdiet_PFC_right_S76	82392555.0	102.0	74985926.0	91.01	101.71	8530892.0	8447810.0	8432762.0	67434.0	9761.0	20935.0	0.16	0.01	1.45	0.0	1.13	3371453.0	4.09	213340.0	0.26	0.0	3.76	0.88	0	3097005	724831
16_Highfatdiet_SC_right_S59	38736191.0	102.0	34588350.0	89.29	101.68	3632619.0	3597280.0	3592587.0	29490.0	3848.0	6694.0	0.16	0.01	1.45	0.0	1.13	1602949.0	4.14	105570.0	0.27	0.0	5.34	0.95	0	2070903	368419
17_Highfatdiet_Hip_right_S33	77592003.0	102.0	70849220.0	91.31	101.7	6923874.0	6859424.0	6848914.0	53187.0	7926.0	13847.0	0.16	0.01	1.43	0.0	1.13	2977026.0	3.84	192120.0	0.25	0.0	3.74	0.86	0	2905522	668115
17_Highfatdiet_Hyp_both_S26	40306749.0	102.0	35844091.0	88.93	101.69	4021506.0	3983535.0	3978935.0	31925.0	4133.0	6513.0	0.16	0.01	1.44	0.0	1.13	2008626.0	4.98	112264.0	0.28	0.0	4.92	0.89	0	1983046	358722
17_Highfatdiet_IC_right_S29	43226575.0	102.0	39906436.0	92.32	101.68	4239034.0	4199294.0	4192055.0	34590.0	4938.0	7451.0	0.17	0.01	1.42	0.0	1.13	1426604.0	3.3	112452.0	0.26	0.0	3.18	0.94	0	1374719	406364
17_Highfatdiet_PFC_right_S89	45591497.0	102.0	41262123.0	90.5	101.72	4990383.0	4945086.0	4935642.0	39496.0	5737.0	9508.0	0.15	0.01	1.42	0.0	1.13	2065287.0	4.53	117934.0	0.26	0.0	3.87	0.84	0	1763400	382753
17_Highfatdiet_SC_right_S64	48616063.0	102.0	43991756.0	90.49	101.69	4612983.0	4565323.0	4561859.0	37515.0	4822.0	8787.0	0.16	0.01	1.43	0.0	1.13	2074884.0	4.27	131422.0	0.27	0.0	4.04	0.94	0	1961591	456410
18_Highfatdiet_Hip_right_S53	37014722.0	102.0	33708723.0	91.07	101.7	3632773.0	3600063.0	3592518.0	28576.0	4156.0	7523.0	0.15	0.01	1.44	0.0	1.14	1544451.0	4.17	92663.0	0.25	0.0	3.67	0.84	0	1358051	310834
18_Highfatdiet_Hyp_both_S13	36837619.0	102.0	32884947.0	89.27	101.7	3650574.0	3616112.0	3611151.0	29078.0	3918.0	6427.0	0.17	0.01	1.44	0.0	1.14	1793294.0	4.87	96143.0	0.26	0.0	4.72	0.88	0	1739012	324223
18_Highfatdiet_IC_right_S70	35583720.0	102.0	31756962.0	89.25	101.69	3531482.0	3498761.0	3492192.0	29244.0	3980.0	6066.0	0.16	0.01	1.46	0.0	1.13	1580176.0	4.44	93073.0	0.26	0.0	5.17	0.88	0	1840271	313238
18_Highfatdiet_PFC_right_S48	45557035.0	102.0	41371358.0	90.81	101.7	4572052.0	4527384.0	4519032.0	36117.0	5251.0	11652.0	0.17	0.01	1.45	0.0	1.14	1834409.0	4.03	116888.0	0.26	0.0	4.06	0.84	0	1851343	383037
18_Highfatdiet_SC_right_S90	46992386.0	102.0	42594915.0	90.64	101.71	4850133.0	4804861.0	4796655.0	37757.0	5517.0	10204.0	0.16	0.01	1.43	0.0	1.13	2013276.0	4.28	116144.0	0.25	0.0	3.97	0.85	0	1868084	399967
1_Chow_Hip_left_S17	39873622.0	102.0	36340953.0	91.14	101.7	3829126.0	3788536.0	3783231.0	30587.0	4371.0	10937.0	0.16	0.01	1.45	0.0	1.13	1670692.0	4.19	105250.0	0.26	0.0	3.5	0.9	0	1397396	359331
1_Chow_Hyp_both_S80	50486127.0	102.0	45264914.0	89.66	101.7	4983959.0	4934988.0	4929124.0	40464.0	5381.0	8990.0	0.16	0.01	1.44	0.0	1.13	2504653.0	4.96	138024.0	0.27	0.0	4.21	0.9	0	2124391	454145
1_Chow_IC_left_S5	24618568.0	102.0	22419103.0	91.07	101.7	2330327.0	2307572.0	2303935.0	18664.0	2624.0	5104.0	0.16	0.01	1.42	0.0	1.13	984328.0	4.0	62778.0	0.26	0.0	3.78	0.9	0	930752	221608
1_Chow_PFC_left_S1	59211054.0	102.0	53267023.0	89.96	101.71	6101587.0	6043989.0	6034380.0	47873.0	7135.0	12199.0	0.15	0.01	1.44	0.0	1.14	2713777.0	4.58	164759.0	0.28	0.0	4.33	0.85	0	2562470	503025
1_Chow_SC_left_S21	73693043.0	102.0	66495800.0	90.23	101.68	7112200.0	7040476.0	7032356.0	58951.0	7681.0	13212.0	0.17	0.01	1.45	0.01	1.13	3085012.0	4.19	205709.0	0.28	0.0	4.35	0.95	0	3206296	700226
2_Chow_Hip_left_S71	53950799.0	102.0	49417607.0	91.6	101.74	4711720.0	4661604.0	4655609.0	36914.0	5376.0	13821.0	0.15	0.01	1.43	0.0	1.13	2184093.0	4.05	129850.0	0.24	0.0	3.2	0.91	0	1727882	491367
2_Chow_Hyp_both_S44	117352520.0	102.0	105251470.0	89.69	101.69	11748187.0	11637556.0	11622738.0	93698.0	12522.0	19229.0	0.16	0.01	1.43	0.0	1.13	5488745.0	4.68	334070.0	0.28	0.0	4.46	0.89	0	5233818	1044417
2_Chow_IC_left_S14	39228762.0	102.0	35805588.0	91.27	101.69	3901470.0	3864329.0	3857343.0	32271.0	4500.0	7356.0	0.17	0.01	1.45	0.0	1.13	1561561.0	3.98	102603.0	0.26	0.0	3.6	0.89	0	1410342	348668
2_Chow_PFC_left_S63	45082801.0	102.0	40433415.0	89.69	101.7	5211106.0	5165347.0	5155084.0	41293.0	5854.0	8875.0	0.16	0.01	1.46	0.0	1.13	2178492.0	4.83	118377.0	0.26	0.0	4.41	0.81	0	1987471	365046
2_Chow_SC_left_S43	42993546.0	102.0	39005336.0	90.72	101.69	4336220.0	4292100.0	4286647.0	35867.0	4683.0	9023.0	0.17	0.01	1.45	0.0	1.13	1804463.0	4.2	116859.0	0.27	0.0	3.92	0.89	0	1684449	382439
3_Chow_Hip_left_S4	43219791.0	102.0	39179486.0	90.65	101.71	4291242.0	4251555.0	4243174.0	33990.0	5032.0	9046.0	0.15	0.01	1.43	0.0	1.13	1832329.0	4.24	107776.0	0.25	0.0	3.99	0.87	0	1724238	375962
3_Chow_Hyp_both_S78	84117462.0	102.0	74936502.0	89.09	101.7	8592472.0	8513317.0	8501765.0	68540.0	8902.0	13265.0	0.17	0.01	1.43	0.0	1.13	4033282.0	4.79	229058.0	0.27	0.0	4.96	0.89	0	4170317	748303
3_Chow_IC_left_S67	67443354.0	102.0	61319545.0	90.92	101.69	5967455.0	5903315.0	5896771.0	48477.0	6602.0	15605.0	0.16	0.01	1.45	0.0	1.13	2547197.0	3.78	177755.0	0.26	0.0	4.06	0.98	0	2737968	660889
3_Chow_PFC_left_S34	48607638.0	102.0	43875990.0	90.27	101.71	5678259.0	5629053.0	5617447.0	44579.0	6536.0	9697.0	0.16	0.01	1.44	0.0	1.14	2273273.0	4.68	128569.0	0.26	0.0	3.99	0.8	0	1940694	389112
3_Chow_SC_left_S87	34781038.0	102.0	31436321.0	90.38	101.67	3415633.0	3381739.0	3376321.0	28159.0	3885.0	7268.0	0.19	0.01	1.46	0.0	1.13	1327629.0	3.82	92667.0	0.27	0.0	4.64	0.89	0	1614704	309717
4_Chow_Hip_right_S68	5562191.0	102.0	1597781.0	28.73	101.17	199729.0	196894.0	196771.0	1735.0	162.0	1061.0	0.58	0.02	1.55	0.03	1.09	474233.0	8.53	8667.0	0.16	0.0	62.04	0.55	0	3450917	30593
4_Chow_Hyp_both_S25	44025501.0	102.0	39199528.0	89.04	101.69	4318953.0	4277052.0	4272242.0	34456.0	4674.0	7581.0	0.18	0.01	1.44	0.0	1.13	2175704.0	4.94	122344.0	0.28	0.0	4.88	0.86	0	2149177	378748
4_Chow_IC_right_S69	40263402.0	102.0	35843671.0	89.02	101.67	3857531.0	3820699.0	3814689.0	31445.0	4376.0	7021.0	0.17	0.01	1.46	0.0	1.13	1662565.0	4.13	108560.0	0.27	0.0	5.68	0.89	0	2289815	358791
4_Chow_PFC_right_S6	56605640.0	102.0	50772012.0	89.69	101.71	7091111.0	7029122.0	7013662.0	56312.0	8320.0	12817.0	0.16	0.01	1.45	0.0	1.13	3015067.0	5.33	149953.0	0.26	0.0	3.98	0.73	0	2255002	413606
4_Chow_SC_right_S65	81544560.0	102.0	73621595.0	90.28	101.69	7688387.0	7611594.0	7602564.0	63370.0	7936.0	14517.0	0.16	0.01	1.44	0.0	1.13	3392581.0	4.16	224952.0	0.28	0.0	4.35	0.93	0	3547089	758343
5_Chow_Hip_right_S54	135926361.0	102.0	124225076.0	91.39	101.7	12489334.0	12358567.0	12342527.0	97303.0	14086.0	35418.0	0.16	0.01	1.44	0.0	1.13	5290154.0	3.89	335135.0	0.25	0.0	3.6	0.87	0	4893420	1182576
5_Chow_Hyp_both_S84	39127895.0	102.0	34975018.0	89.39	101.69	4051815.0	4014313.0	4008390.0	32726.0	4325.0	6374.0	0.17	0.01	1.45	0.0	1.13	1835842.0	4.69	104010.0	0.27	0.0	4.77	0.89	0	1865041	347984
5_Chow_IC_right_S15	36335800.0	102.0	33057313.0	90.98	101.68	3380557.0	3348039.0	3343147.0	27692.0	3852.0	5866.0	0.17	0.01	1.45	0.0	1.13	1346631.0	3.71	95932.0	0.26	0.0	4.13	0.92	0	1501459	334465
5_Chow_PFC_right_S11	54260063.0	102.0	48393742.0	89.19	101.69	5446451.0	5391937.0	5386974.0	44233.0	5845.0	9399.0	0.17	0.01	1.43	0.0	1.13	2617065.0	4.82	157811.0	0.29	0.0	4.82	0.87	0	2618764	472681
5_Chow_SC_right_S47	45761306.0	102.0	41244004.0	90.13	101.7	4356456.0	4311897.0	4307461.0	35822.0	4750.0	8423.0	0.16	0.01	1.45	0.0	1.13	2045143.0	4.47	128850.0	0.28	0.0	4.19	0.93	0	1917669	425640
6_Chow_Hip_right_S86	46694183.0	102.0	42458792.0	90.93	101.7	4604003.0	4553579.0	4547825.0	36335.0	5148.0	14695.0	0.16	0.01	1.45	0.0	1.14	1839889.0	3.94	124592.0	0.27	0.0	4.01	0.85	0	1873734	397176
6_Chow_Hyp_both_S66	33595120.0	102.0	30004371.0	89.31	101.69	3265934.0	3234383.0	3230743.0	26254.0	3391.0	5546.0	0.17	0.01	1.46	0.0	1.13	1556153.0	4.63	91569.0	0.27	0.0	4.9	0.88	0	1647203	295824
6_Chow_IC_right_S22	47532489.0	102.0	43286323.0	91.07	101.69	4255280.0	4212687.0	4207105.0	35322.0	4706.0	8147.0	0.18	0.01	1.43	0.0	1.13	1853862.0	3.9	135400.0	0.28	0.0	3.78	0.96	0	1799810	457094
6_Chow_PFC_right_S61	28415839.0	102.0	25546072.0	89.9	101.71	3001996.0	2975040.0	2969919.0	23498.0	3380.0	5199.0	0.16	0.01	1.44	0.0	1.14	1289676.0	4.54	79922.0	0.28	0.0	4.45	0.83	0	1264347	235822
6_Chow_SC_right_S31	54166119.0	102.0	50534752.0	93.3	101.72	3813803.0	3768956.0	3769777.0	30271.0	4381.0	9374.0	0.15	0.01	1.42	0.0	1.14	1537479.0	2.84	140780.0	0.26	0.0	2.61	1.0	0	1412081	541027
7_Fasting_Hip_left_S45	57753729.0	102.0	52919482.0	91.63	101.71	5352522.0	5302159.0	5295286.0	41265.0	5846.0	10125.0	0.15	0.01	1.42	0.0	1.13	2240951.0	3.88	145184.0	0.25	0.0	3.34	0.9	0	1928466	519646
7_Fasting_Hyp_both_S49	39778816.0	102.0	35734762.0	89.83	101.71	4040720.0	4001664.0	3996827.0	32612.0	4324.0	6957.0	0.15	0.01	1.44	0.0	1.13	1871270.0	4.7	107693.0	0.27	0.0	4.29	0.9	0	1706983	358108
7_Fasting_IC_left_S19	39129520.0	102.0	35552304.0	90.86	101.69	3570145.0	3533255.0	3529504.0	29310.0	3934.0	7397.0	0.17	0.01	1.45	0.0	1.13	1484720.0	3.79	106629.0	0.27	0.0	4.11	0.97	0	1606676	379191
7_Fasting_PFC_left_S51	44438705.0	102.0	40204073.0	90.47	101.69	5357069.0	5309351.0	5299166.0	42454.0	5932.0	9517.0	0.16	0.01	1.45	0.0	1.14	2076968.0	4.67	124410.0	0.28	0.0	3.75	0.83	0	1664782	368472
7_Fasting_SC_left_S42	41707114.0	102.0	37876146.0	90.81	101.69	3969342.0	3927685.0	3924631.0	32467.0	4232.0	8012.0	0.16	0.01	1.44	0.0	1.13	1750371.0	4.2	120027.0	0.29	0.0	3.73	0.97	0	1555942	404628
8_Fasting_Hip_left_S38	43361086.0	102.0	39680518.0	91.51	101.7	4056923.0	4017962.0	4011300.0	32094.0	4585.0	8944.0	0.16	0.01	1.43	0.0	1.14	1642362.0	3.79	104914.0	0.24	0.0	3.6	0.86	0	1560505	372787
8_Fasting_Hyp_both_S9	100041593.0	102.0	89222745.0	89.19	101.7	9822251.0	9721684.0	9711447.0	79796.0	10359.0	20649.0	0.17	0.01	1.45	0.01	1.13	5158901.0	5.16	265174.0	0.27	0.0	4.52	0.87	0	4524003	870770
8_Fasting_IC_left_S32	40396223.0	102.0	36759322.0	91.0	101.68	3797582.0	3760197.0	3755938.0	30886.0	4198.0	6560.0	0.17	0.01	1.45	0.0	1.13	1509876.0	3.74	110024.0	0.27	0.0	4.06	0.93	0	1641087	375914
8_Fasting_PFC_left_S56	151088870.0	102.0	136914862.0	90.62	101.71	15686529.0	15543038.0	15516011.0	124077.0	18270.0	28171.0	0.16	0.01	1.44	0.0	1.13	6334436.0	4.19	401006.0	0.27	0.0	4.06	0.87	0	6125878	1312688
8_Fasting_SC_left_S60	44160174.0	102.0	39885877.0	90.32	101.69	4072813.0	4030810.0	4026741.0	33002.0	4252.0	8818.0	0.16	0.01	1.44	0.0	1.13	1755449.0	3.98	122187.0	0.28	0.0	4.48	0.95	0	1977356	419305
9_Fasting_Hip_left_S36	48165100.0	102.0	43414211.0	90.14	101.7	4425746.0	4383546.0	4377998.0	34411.0	4904.0	8433.0	0.16	0.01	1.44	0.0	1.13	1980801.0	4.11	112962.0	0.23	0.0	4.68	0.84	0	2252781	404345
9_Fasting_Hyp_both_S39	41019628.0	102.0	36877772.0	89.9	101.69	4328584.0	4286717.0	4282188.0	34987.0	4538.0	6871.0	0.16	0.01	1.43	0.0	1.13	1986943.0	4.84	118410.0	0.29	0.0	4.08	0.88	0	1675188	361315
9_Fasting_IC_left_S83	40984072.0	102.0	36694239.0	89.53	101.68	4201030.0	4158783.0	4153812.0	34187.0	4580.0	8451.0	0.17	0.01	1.45	0.0	1.12	1774233.0	4.33	112784.0	0.28	0.0	4.97	0.89	0	2037883	364933
9_Fasting_PFC_left_S79	38224361.0	102.0	34594904.0	90.5	101.7	3840275.0	3803203.0	3796718.0	32018.0	4218.0	7321.0	0.16	0.01	1.44	0.0	1.14	1694159.0	4.43	108454.0	0.28	0.0	3.85	0.93	0	1471412	355432
9_Fasting_SC_left_S20	38549288.0	102.0	34417826.0	89.28	101.69	3541608.0	3503084.0	3500418.0	29438.0	3813.0	7939.0	0.17	0.01	1.44	0.0	1.13	1574868.0	4.09	103697.0	0.27	0.0	5.42	0.94	0	2090362	362535
Undetermined_S0	41708700.0	122.0	13467731.0	32.29	121.02	2265583.0	2242179.0	2239918.0	18906.0	2255.0	4504.0	0.8	0.01	1.67	0.0	1.22	1317060.0	3.16	35553.0	0.09	0.0	64.35	0.12	0	26838308	50048
